1 0.119286 0.055398 0.124286 0.065341
1 0.147857 0.222064 0.087143 0.050189
1 0.340714 0.176610 0.124286 0.071023
1 0.649286 0.225379 0.152857 0.102273
1 0.919286 0.267992 0.095714 0.060606
1 0.413571 0.254735 0.090000 0.070076
1 0.429286 0.553030 0.132857 0.060606
1 0.381429 0.608428 0.080000 0.046402
1 0.536429 0.680871 0.072857 0.043561
1 0.734286 0.767045 0.120000 0.066288
1 0.572857 0.781250 0.080000 0.054924
1 0.363571 0.800189 0.075714 0.041667
1 0.251429 0.831439 0.091429 0.047348
1 0.552143 0.908144 0.078571 0.045455
1 0.503571 0.966383 0.072857 0.048295
