1 0.691964 0.111260 0.087500 0.120643
1 0.705357 0.419571 0.075000 0.099196
1 0.706250 0.416890 0.048214 0.088472
1 0.752679 0.485255 0.058929 0.091153
1 0.850000 0.536193 0.075000 0.123324
1 0.933929 0.605898 0.057143 0.107239
1 0.627679 0.676944 0.069643 0.099196
1 0.491071 0.439678 0.064286 0.075067
1 0.628571 0.424933 0.057143 0.099196
1 0.436607 0.441019 0.058929 0.115282
1 0.402679 0.434316 0.051786 0.101877
1 0.365179 0.671582 0.051786 0.099196
1 0.308036 0.663539 0.066071 0.083110
1 0.303571 0.407507 0.053571 0.128686
1 0.250893 0.406166 0.030357 0.120643
1 0.185714 0.415550 0.067857 0.096515
1 0.077679 0.451743 0.044643 0.115282
1 0.034821 0.430295 0.044643 0.104558
