1 0.295673 0.299279 0.110577 0.137019
1 0.319712 0.362981 0.110577 0.153846
1 0.370192 0.373798 0.105769 0.151442
1 0.455529 0.308894 0.088942 0.141827
1 0.070913 0.281250 0.137019 0.100962
1 0.069712 0.408654 0.110577 0.115385
1 0.064904 0.605769 0.120192 0.153846
1 0.349760 0.530048 0.093750 0.103365
1 0.481971 0.572115 0.088942 0.100962
1 0.455529 0.475962 0.064904 0.091346
1 0.492788 0.419471 0.057692 0.098558
1 0.602163 0.396635 0.098558 0.134615
1 0.656250 0.397837 0.067308 0.103365
1 0.688702 0.415865 0.060096 0.096154
1 0.760817 0.430288 0.103365 0.134615
1 0.810096 0.372596 0.105769 0.125000
1 0.834135 0.388221 0.076923 0.103365
1 0.887019 0.425481 0.062500 0.139423
1 0.942308 0.383413 0.081731 0.093750
1 0.975962 0.396635 0.048077 0.182692
1 0.950721 0.765625 0.088942 0.141827
1 0.890625 0.786058 0.064904 0.110577
1 0.759615 0.796875 0.096154 0.117788
1 0.137019 0.764423 0.062500 0.076923
1 0.066106 0.872596 0.079327 0.100962
1 0.224760 0.812500 0.064904 0.091346
1 0.302885 0.704327 0.076923 0.110577
1 0.475962 0.792067 0.057692 0.079327
1 0.207933 0.682692 0.045673 0.062500
1 0.298077 0.859375 0.048077 0.093750
1 0.359375 0.897837 0.055288 0.079327
1 0.447115 0.935096 0.043269 0.057692
1 0.504808 0.944712 0.062500 0.057692
1 0.522837 0.849760 0.050481 0.069712
1 0.575721 0.876202 0.050481 0.064904
1 0.637019 0.912260 0.043269 0.050481
1 0.679087 0.935096 0.050481 0.057692
1 0.753606 0.960337 0.069712 0.050481
1 0.383413 0.781250 0.050481 0.062500
1 0.150240 0.658654 0.050481 0.048077
1 0.602163 0.551683 0.040865 0.098558
1 0.635817 0.574519 0.055288 0.100962
1 0.671875 0.570913 0.031250 0.098558
1 0.716346 0.634615 0.091346 0.149038
1 0.743990 0.560096 0.045673 0.134615
