0 0.104065 0.319957 0.204878 0.210412
0 0.118699 0.596529 0.182114 0.121475
0 0.540650 0.680043 0.151220 0.197397
0 0.908130 0.370933 0.183740 0.247289
0 0.562602 0.308026 0.133333 0.160521
0 0.634146 0.297180 0.126829 0.190889
0 0.621951 0.436009 0.278049 0.186551
0 0.273984 0.353579 0.141463 0.156182
0 0.217886 0.450108 0.214634 0.171367
0 0.305691 0.557484 0.130081 0.264642
0 0.473984 0.611714 0.216260 0.125813
0 0.560163 0.567245 0.200000 0.119306
0 0.469106 0.521692 0.151220 0.071584
0 0.461789 0.483731 0.107317 0.069414
0 0.482927 0.431670 0.091057 0.082430
0 0.380488 0.321041 0.087805 0.091106
0 0.383740 0.372017 0.126829 0.088937
0 0.378049 0.441432 0.131707 0.088937
0 0.458537 0.066161 0.162602 0.119306
