1 0.613636 0.105882 0.166667 0.101961
1 0.871212 0.229412 0.207071 0.200000
1 0.785354 0.170588 0.116162 0.082353
1 0.724747 0.198039 0.176768 0.113725
1 0.626263 0.237255 0.151515 0.129412
1 0.487374 0.219608 0.146465 0.133333
1 0.527778 0.249020 0.146465 0.105882
1 0.118687 0.349020 0.227273 0.117647
1 0.272727 0.301961 0.181818 0.117647
1 0.303030 0.358824 0.191919 0.145098
1 0.404040 0.374510 0.111111 0.113725
1 0.477273 0.356863 0.106061 0.109804
1 0.550505 0.364706 0.101010 0.101961
1 0.626263 0.350980 0.101010 0.105882
1 0.671717 0.378431 0.131313 0.121569
1 0.161616 0.490196 0.212121 0.125490
1 0.222222 0.507843 0.131313 0.113725
1 0.373737 0.480392 0.222222 0.113725
1 0.507576 0.525490 0.166667 0.133333
1 0.502525 0.594118 0.126263 0.113725
1 0.510101 0.627451 0.090909 0.094118
1 0.494949 0.664706 0.181818 0.066667
1 0.527778 0.707843 0.126263 0.058824
1 0.371212 0.815686 0.247475 0.133333
1 0.532828 0.817647 0.207071 0.129412
