1 0.608974 0.191071 0.105128 0.089286
1 0.562821 0.337500 0.069231 0.082143
1 0.512821 0.357143 0.092308 0.142857
1 0.530769 0.478571 0.087179 0.078571
1 0.707692 0.567857 0.107692 0.092857
1 0.829487 0.525000 0.100000 0.100000
1 0.894872 0.505357 0.082051 0.103571
1 0.551282 0.600000 0.087179 0.085714
1 0.489744 0.583929 0.071795 0.075000
1 0.406410 0.605357 0.053846 0.089286
1 0.358974 0.610714 0.087179 0.092857
1 0.255128 0.562500 0.084615 0.103571
1 0.294872 0.648214 0.071795 0.082143
1 0.148718 0.591071 0.082051 0.089286
1 0.052564 0.639286 0.100000 0.078571
1 0.101282 0.698214 0.048718 0.046429
1 0.073077 0.408929 0.064103 0.089286
1 0.047436 0.239286 0.089744 0.128571
1 0.142308 0.264286 0.105128 0.128571
1 0.248718 0.301786 0.102564 0.117857
1 0.234615 0.435714 0.064103 0.064286
1 0.139744 0.428571 0.084615 0.092857
1 0.325641 0.501786 0.061538 0.046429
1 0.397436 0.437500 0.092308 0.082143
1 0.369231 0.317857 0.138462 0.085714
1 0.391026 0.383929 0.089744 0.046429
