1 0.474771 0.405357 0.105505 0.096429
1 0.467890 0.485714 0.100917 0.121429
1 0.446101 0.623214 0.089450 0.075000
1 0.262615 0.658929 0.089450 0.096429
1 0.307339 0.710714 0.077982 0.078571
1 0.305046 0.853571 0.082569 0.071429
1 0.362385 0.867857 0.100917 0.085714
1 0.395642 0.750000 0.098624 0.121429
1 0.386468 0.798214 0.094037 0.082143
1 0.521789 0.837500 0.084862 0.110714
1 0.463303 0.850000 0.082569 0.135714
1 0.113532 0.091071 0.084862 0.103571
1 0.128440 0.205357 0.110092 0.110714
1 0.111239 0.298214 0.094037 0.103571
1 0.193807 0.307143 0.107798 0.107143
1 0.168578 0.387500 0.103211 0.110714
1 0.146789 0.437500 0.077982 0.096429
1 0.246560 0.500000 0.107798 0.128571
1 0.283257 0.469643 0.107798 0.110714
1 0.378440 0.523214 0.100917 0.132143
1 0.356651 0.266071 0.130734 0.110714
1 0.280963 0.221429 0.116972 0.107143
1 0.268349 0.080357 0.077982 0.153571
1 0.330275 0.103571 0.091743 0.128571
1 0.636468 0.076786 0.103211 0.096429
1 0.751147 0.130357 0.089450 0.117857
1 0.905963 0.398214 0.105505 0.153571
1 0.889908 0.782143 0.100917 0.107143
1 0.910550 0.714286 0.077982 0.092857
1 0.803899 0.687500 0.116972 0.096429
1 0.802752 0.614286 0.100917 0.078571
1 0.782110 0.505357 0.091743 0.096429
1 0.745413 0.450000 0.096330 0.092857
1 0.669725 0.525000 0.082569 0.121429
1 0.643349 0.698214 0.130734 0.103571
1 0.620413 0.750000 0.089450 0.092857
1 0.654817 0.839286 0.089450 0.085714
1 0.571101 0.253571 0.082569 0.071429
1 0.630734 0.316071 0.100917 0.103571
1 0.680046 0.598214 0.080275 0.075000
