1 0.808594 0.161039 0.076563 0.083117
1 0.874219 0.100000 0.057813 0.064935
1 0.909375 0.264935 0.050000 0.088312
1 0.970313 0.270130 0.056250 0.067532
1 0.957812 0.298701 0.050000 0.067532
1 0.433594 0.059740 0.076563 0.114286
1 0.245312 0.036364 0.059375 0.067532
1 0.303906 0.123377 0.067187 0.096104
1 0.429688 0.163636 0.081250 0.135065
1 0.324219 0.248052 0.054688 0.064935
1 0.201563 0.289610 0.090625 0.122078
1 0.121875 0.194805 0.087500 0.103896
1 0.074219 0.093506 0.060937 0.103896
1 0.022656 0.371429 0.042188 0.109091
1 0.077344 0.353247 0.064062 0.067532
1 0.100000 0.346753 0.068750 0.080519
1 0.169531 0.435065 0.060937 0.064935
1 0.113281 0.470130 0.085938 0.114286
1 0.125781 0.487013 0.060937 0.075325
1 0.030469 0.598701 0.057813 0.064935
1 0.061719 0.623377 0.048438 0.067532
1 0.041406 0.688312 0.073438 0.072727
1 0.132031 0.661039 0.079687 0.075325
1 0.146875 0.716883 0.056250 0.067532
1 0.130469 0.724675 0.045312 0.067532
1 0.230469 0.770130 0.057813 0.070130
1 0.219531 0.520779 0.070312 0.090909
1 0.242188 0.388312 0.062500 0.106494
1 0.259375 0.389610 0.053125 0.067532
1 0.308594 0.344156 0.051562 0.085714
1 0.279687 0.301299 0.050000 0.072727
1 0.268750 0.316883 0.034375 0.051948
1 0.659375 0.205195 0.056250 0.083117
1 0.730469 0.316883 0.051562 0.093506
1 0.893750 0.397403 0.065625 0.077922
1 0.926562 0.474026 0.068750 0.075325
1 0.967187 0.533766 0.065625 0.090909
1 0.858594 0.476623 0.073438 0.096104
1 0.850000 0.587013 0.075000 0.093506
1 0.821094 0.605195 0.060937 0.067532
1 0.752344 0.637662 0.070312 0.096104
1 0.757812 0.785714 0.056250 0.070130
1 0.825781 0.840260 0.064062 0.080519
1 0.817969 0.777922 0.076563 0.075325
1 0.836719 0.776623 0.057813 0.072727
1 0.842187 0.702597 0.065625 0.090909
1 0.976562 0.677922 0.046875 0.067532
1 0.960938 0.715584 0.056250 0.070130
1 0.942969 0.755844 0.079687 0.067532
1 0.946875 0.816883 0.062500 0.085714
1 0.959375 0.862338 0.075000 0.135065
1 0.875000 0.955844 0.034375 0.077922
1 0.824219 0.968831 0.064062 0.062338
1 0.700000 0.877922 0.059375 0.088312
1 0.708594 0.829870 0.073438 0.085714
1 0.717969 0.779221 0.048438 0.057143
1 0.685937 0.718182 0.062500 0.080519
1 0.675781 0.545455 0.054688 0.072727
1 0.681250 0.400000 0.056250 0.057143
1 0.647656 0.402597 0.057813 0.083117
1 0.594531 0.302597 0.054688 0.070130
1 0.528125 0.216883 0.050000 0.070130
1 0.582031 0.246753 0.045312 0.062338
1 0.654687 0.289610 0.059375 0.064935
1 0.378125 0.427273 0.075000 0.101299
1 0.437500 0.437662 0.059375 0.070130
1 0.435937 0.479221 0.065625 0.070130
1 0.384375 0.483117 0.059375 0.093506
1 0.335156 0.516883 0.054688 0.067532
1 0.352344 0.481818 0.051562 0.075325
1 0.300000 0.498701 0.046875 0.067532
1 0.267969 0.506494 0.073438 0.093506
1 0.251563 0.614286 0.071875 0.085714
1 0.239063 0.692208 0.056250 0.059740
1 0.301563 0.720779 0.078125 0.075325
1 0.299219 0.646753 0.057813 0.083117
1 0.353125 0.597403 0.068750 0.062338
1 0.355469 0.644156 0.060937 0.077922
1 0.554688 0.566234 0.062500 0.077922
1 0.578906 0.484416 0.054688 0.054545
1 0.558594 0.406494 0.060937 0.096104
1 0.526563 0.355844 0.043750 0.062338
1 0.521094 0.453247 0.076563 0.111688
1 0.596094 0.606494 0.073438 0.106494
1 0.573438 0.670130 0.065625 0.067532
1 0.614844 0.711688 0.076563 0.093506
1 0.442969 0.637662 0.051562 0.080519
1 0.482812 0.546753 0.046875 0.049351
1 0.510938 0.545455 0.046875 0.067532
1 0.458594 0.771429 0.057813 0.057143
1 0.519531 0.783117 0.057813 0.085714
1 0.547656 0.731169 0.070312 0.106494
1 0.577344 0.877922 0.051562 0.093506
1 0.628906 0.807792 0.064062 0.072727
1 0.387500 0.859740 0.062500 0.088312
1 0.311719 0.835065 0.051562 0.085714
