1 0.233643 0.146368 0.247559 0.236977
1 0.158691 0.253852 0.260742 0.133529
1 0.367920 0.395818 0.116699 0.169479
1 0.429443 0.371240 0.092285 0.321350
1 0.637451 0.239912 0.280762 0.209831
1 0.808350 0.268158 0.162598 0.173881
1 0.653809 0.331621 0.184570 0.253852
1 0.887939 0.370873 0.125488 0.207630
1 0.922119 0.497065 0.145020 0.214967
1 0.813232 0.496332 0.086426 0.099046
1 0.845459 0.626926 0.110840 0.122524
1 0.707520 0.659574 0.086914 0.112986
1 0.667725 0.724138 0.106934 0.118855
1 0.528809 0.721203 0.101562 0.133529
1 0.508301 0.691489 0.085938 0.131328
1 0.367188 0.719736 0.081055 0.146735
1 0.165771 0.684153 0.071777 0.121056
1 0.241699 0.661775 0.102539 0.080704
1 0.286133 0.525679 0.138672 0.153338
1 0.421631 0.528613 0.060059 0.106383
1 0.537354 0.543654 0.067871 0.093910
1 0.639648 0.524578 0.052734 0.090976
1 0.658691 0.517241 0.041992 0.089508
1 0.688232 0.524578 0.052246 0.093910
1 0.709961 0.575202 0.062500 0.101247
1 0.597168 0.583272 0.086914 0.096845
1 0.494141 0.620690 0.059570 0.096845
1 0.453613 0.630227 0.071289 0.107117
1 0.359375 0.613720 0.109375 0.143067
1 0.310547 0.590976 0.096680 0.103448
1 0.045410 0.708364 0.089844 0.101981
1 0.030518 0.674615 0.060059 0.113720
1 0.067139 0.647469 0.056152 0.090242
1 0.033691 0.619222 0.064453 0.108584
1 0.096924 0.601981 0.069824 0.134263
