1 0.469643 0.384204 0.253571 0.105701
1 0.555357 0.411520 0.221429 0.079572
1 0.699107 0.473872 0.248214 0.090261
1 0.483929 0.266627 0.217857 0.119952
1 0.670536 0.241093 0.219643 0.095012
1 0.607143 0.146081 0.239286 0.080760
1 0.766964 0.102732 0.255357 0.117577
1 0.741071 0.733373 0.160714 0.058195
1 0.537500 0.675178 0.200000 0.067696
1 0.330357 0.707838 0.167857 0.083135
1 0.083036 0.715558 0.162500 0.058195
1 0.170536 0.563539 0.226786 0.127078
1 0.189286 0.444181 0.232143 0.078385
1 0.649107 0.579572 0.223214 0.078385
1 0.498214 0.709620 0.250000 0.157957
