1 0.099121 0.110145 0.180664 0.208696
1 0.080566 0.389855 0.131836 0.228986
1 0.136719 0.653623 0.140625 0.385507
1 0.270996 0.727536 0.081055 0.284058
1 0.428223 0.739130 0.057617 0.144928
1 0.503906 0.688406 0.068359 0.217391
1 0.551758 0.759420 0.068359 0.156522
1 0.812988 0.700000 0.139648 0.257971
1 0.897461 0.265217 0.105469 0.391304
1 0.968750 0.085507 0.062500 0.136232
1 0.813477 0.142029 0.128906 0.272464
1 0.662109 0.128986 0.167969 0.211594
1 0.745117 0.344928 0.095703 0.295652
1 0.640137 0.440580 0.083008 0.428986
1 0.545410 0.301449 0.147461 0.394203
1 0.406250 0.404348 0.093750 0.188406
1 0.374512 0.113043 0.151367 0.220290
1 0.263184 0.317391 0.086914 0.339130
1 0.207031 0.446377 0.066406 0.405797
