1 0.697273 0.200000 0.085455 0.138182
1 0.917273 0.374545 0.078182 0.101818
1 0.875455 0.421818 0.081818 0.174545
1 0.857273 0.563636 0.074545 0.145455
1 0.882727 0.734545 0.096364 0.116364
1 0.818182 0.523636 0.072727 0.109091
1 0.748182 0.576364 0.056364 0.127273
1 0.794545 0.569091 0.069091 0.105455
1 0.679091 0.390909 0.107273 0.134545
1 0.560000 0.258182 0.083636 0.123636
1 0.468182 0.303636 0.060000 0.127273
1 0.250909 0.181818 0.047273 0.109091
1 0.120909 0.220000 0.089091 0.120000
1 0.069091 0.349091 0.076364 0.152727
1 0.196364 0.269091 0.080000 0.123636
1 0.213636 0.321818 0.074545 0.120000
1 0.233636 0.358182 0.074545 0.134545
1 0.157273 0.410909 0.070909 0.138182
1 0.112727 0.438182 0.047273 0.090909
1 0.240000 0.538182 0.080000 0.152727
1 0.112727 0.625455 0.090909 0.138182
1 0.175455 0.652727 0.096364 0.134545
1 0.753636 0.680000 0.063636 0.116364
1 0.544545 0.652727 0.067273 0.120000
1 0.471818 0.527273 0.092727 0.167273
1 0.448182 0.456364 0.067273 0.120000
1 0.552727 0.416364 0.065455 0.105455
1 0.594545 0.430909 0.076364 0.127273
1 0.538182 0.480000 0.061818 0.145455
1 0.400000 0.481818 0.058182 0.098182
1 0.344545 0.487273 0.060000 0.101818
1 0.327273 0.567273 0.076364 0.138182
1 0.383636 0.623636 0.120000 0.170909
