1 0.483887 0.400220 0.137695 0.219369
1 0.721191 0.425165 0.164062 0.107850
1 0.793213 0.431401 0.069824 0.105649
1 0.956543 0.628393 0.041992 0.121056
1 0.922119 0.763023 0.114746 0.130594
1 0.700439 0.800807 0.138184 0.121056
1 0.786377 0.600147 0.076660 0.095378
1 0.753418 0.670213 0.140625 0.266324
1 0.467041 0.789068 0.163574 0.125459
1 0.425293 0.707630 0.125977 0.099046
1 0.109863 0.767425 0.090820 0.117388
1 0.418701 0.355099 0.090332 0.154072
1 0.486816 0.305943 0.042969 0.089508
1 0.354492 0.531548 0.052734 0.088775
1 0.385498 0.615921 0.101074 0.099046
1 0.614746 0.597212 0.156250 0.193690
1 0.599854 0.514674 0.071777 0.081438
1 0.508301 0.620690 0.186523 0.201027
1 0.459717 0.537784 0.135254 0.071900
1 0.458252 0.491563 0.127441 0.120323
1 0.261475 0.626926 0.115723 0.109318
1 0.967529 0.406823 0.064941 0.096112
1 0.053467 0.587307 0.104004 0.168012
1 0.026855 0.488628 0.052734 0.107117
1 0.148438 0.487894 0.183594 0.167278
1 0.132324 0.575202 0.108398 0.134996
1 0.062988 0.282098 0.125000 0.187087
1 0.662354 0.283566 0.057129 0.084373
1 0.783936 0.304475 0.091309 0.089508
1 0.787842 0.305576 0.067871 0.074101
1 0.929932 0.328687 0.064941 0.071900
1 0.966797 0.337491 0.041016 0.061629
1 0.607910 0.292737 0.064453 0.110051
1 0.572754 0.224505 0.052734 0.074835
1 0.551514 0.249450 0.045410 0.068966
1 0.519775 0.240279 0.055176 0.075569
1 0.464355 0.209831 0.062500 0.095378
1 0.409668 0.200660 0.054688 0.090242
1 0.374268 0.165077 0.072754 0.085106
1 0.326172 0.141599 0.048828 0.104182
1 0.272705 0.115187 0.059082 0.085106
1 0.245850 0.121423 0.049316 0.077036
1 0.234375 0.282098 0.148438 0.206163
1 0.181885 0.338591 0.155762 0.191489
1 0.172607 0.232208 0.153809 0.219369
1 0.190918 0.127660 0.053711 0.095378
1 0.111084 0.110418 0.064941 0.079971
1 0.104980 0.087307 0.063477 0.070433
1 0.066162 0.095745 0.035645 0.074101
1 0.125244 0.048423 0.053223 0.058694
1 0.168701 0.046955 0.040527 0.067498
1 0.224365 0.057960 0.052246 0.067498
1 0.245850 0.047689 0.039551 0.051357
1 0.319580 0.071167 0.050293 0.083639
1 0.362305 0.046588 0.041016 0.060895
1 0.387207 0.044021 0.046875 0.052825
1 0.590576 0.040719 0.042480 0.057960
