1 0.963379 0.258419 0.073242 0.250366
1 0.899414 0.330893 0.105469 0.240117
1 0.814941 0.362372 0.110352 0.224012
1 0.745117 0.424597 0.095703 0.199122
1 0.697266 0.445095 0.101562 0.184480
1 0.636230 0.483163 0.106445 0.216691
1 0.598633 0.489751 0.101562 0.221083
1 0.545898 0.528551 0.103516 0.225476
1 0.490723 0.545388 0.092773 0.221083
1 0.458008 0.588580 0.103516 0.216691
1 0.392090 0.639092 0.079102 0.188873
1 0.329590 0.644949 0.061523 0.188873
1 0.295898 0.671303 0.076172 0.229868
1 0.260742 0.691801 0.080078 0.206442
1 0.223145 0.701318 0.059570 0.225476
1 0.156738 0.735725 0.092773 0.165447
1 0.128418 0.765007 0.086914 0.185944
1 0.079590 0.773792 0.096680 0.188873
1 0.039062 0.800146 0.076172 0.203514
1 0.020020 0.852123 0.038086 0.193265
