1 0.240000 0.198750 0.116667 0.097500
1 0.174167 0.116250 0.108333 0.112500
1 0.138333 0.362500 0.100000 0.060000
1 0.146667 0.310000 0.080000 0.085000
1 0.241667 0.390000 0.123333 0.135000
1 0.211667 0.257500 0.086667 0.100000
1 0.216667 0.296250 0.126667 0.142500
1 0.229167 0.517500 0.111667 0.100000
1 0.210833 0.598750 0.118333 0.117500
1 0.297500 0.623750 0.108333 0.097500
1 0.327500 0.696250 0.098333 0.077500
1 0.357500 0.421250 0.105000 0.107500
1 0.335833 0.542500 0.091667 0.065000
1 0.407500 0.521250 0.095000 0.077500
1 0.377500 0.547500 0.081667 0.060000
1 0.407500 0.588750 0.115000 0.102500
1 0.357500 0.847500 0.115000 0.190000
1 0.380000 0.783750 0.106667 0.082500
1 0.413333 0.777500 0.093333 0.085000
1 0.425833 0.712500 0.118333 0.115000
1 0.454167 0.642500 0.085000 0.165000
1 0.504167 0.593750 0.095000 0.167500
1 0.561667 0.683750 0.093333 0.107500
1 0.446667 0.390000 0.096667 0.170000
1 0.404167 0.325000 0.085000 0.075000
1 0.400833 0.176250 0.088333 0.112500
1 0.315000 0.125000 0.073333 0.115000
1 0.332500 0.050000 0.105000 0.095000
1 0.353333 0.073750 0.090000 0.102500
1 0.521667 0.050000 0.093333 0.080000
1 0.494167 0.100000 0.098333 0.080000
1 0.470000 0.168750 0.100000 0.072500
1 0.486667 0.296250 0.100000 0.172500
1 0.468333 0.266250 0.040000 0.047500
1 0.573333 0.263750 0.103333 0.162500
1 0.561667 0.402500 0.100000 0.150000
1 0.564167 0.837500 0.115000 0.115000
1 0.651667 0.585000 0.123333 0.095000
1 0.659167 0.650000 0.125000 0.080000
1 0.640000 0.488750 0.093333 0.127500
1 0.670000 0.411250 0.120000 0.077500
1 0.641667 0.385000 0.116667 0.110000
1 0.637500 0.341250 0.088333 0.112500
1 0.651667 0.238750 0.086667 0.162500
1 0.639167 0.291250 0.081667 0.092500
1 0.610833 0.140000 0.091667 0.100000
1 0.716667 0.107500 0.106667 0.115000
1 0.805000 0.116250 0.100000 0.097500
1 0.776667 0.321250 0.090000 0.107500
1 0.854167 0.281250 0.128333 0.182500
1 0.828333 0.460000 0.120000 0.185000
1 0.806667 0.633750 0.106667 0.112500
1 0.559167 0.836250 0.108333 0.152500
1 0.458333 0.945000 0.106667 0.110000
1 0.465833 0.935000 0.105000 0.075000
1 0.700000 0.808750 0.093333 0.117500
1 0.740000 0.787500 0.086667 0.120000
1 0.777500 0.861250 0.105000 0.127500
1 0.862500 0.833750 0.111667 0.127500
1 0.891667 0.695000 0.113333 0.175000
1 0.968333 0.593750 0.063333 0.137500
1 0.961667 0.438750 0.076667 0.127500
1 0.955833 0.258750 0.088333 0.092500
1 0.922500 0.157500 0.105000 0.150000
1 0.945000 0.196250 0.096667 0.127500
1 0.971667 0.178750 0.056667 0.122500
1 0.892500 0.061250 0.108333 0.072500
1 0.852500 0.023750 0.081667 0.042500
1 0.773333 0.933750 0.090000 0.132500
1 0.650000 0.947500 0.113333 0.105000
1 0.944167 0.962500 0.111667 0.075000
