1 0.468657 0.385331 0.235821 0.121901
1 0.140299 0.184917 0.256716 0.086777
1 0.169403 0.283058 0.246269 0.115702
1 0.269403 0.343492 0.162687 0.120868
1 0.917910 0.211777 0.164179 0.074380
1 0.842537 0.317149 0.138806 0.117769
1 0.673134 0.366219 0.205970 0.060950
1 0.582090 0.444731 0.128358 0.108471
1 0.423881 0.477789 0.170149 0.087810
1 0.691045 0.180785 0.182090 0.092975
1 0.594030 0.073864 0.229851 0.104339
1 0.716418 0.521694 0.208955 0.061983
1 0.944776 0.451963 0.110448 0.083678
1 0.582836 0.701446 0.144776 0.103306
1 0.543284 0.593492 0.229851 0.116736
1 0.486567 0.551136 0.137313 0.091942
