1 0.118182 0.179739 0.054545 0.137255
1 0.053030 0.215686 0.100000 0.156863
1 0.172727 0.457516 0.078788 0.143791
1 0.087879 0.843137 0.060606 0.130719
1 0.174242 0.790850 0.093939 0.104575
1 0.290909 0.931373 0.072727 0.098039
1 0.301515 0.607843 0.033333 0.104575
1 0.339394 0.496732 0.042424 0.156863
1 0.293939 0.431373 0.060606 0.156863
1 0.262121 0.300654 0.057576 0.078431
1 0.212121 0.274510 0.054545 0.143791
1 0.374242 0.163399 0.063636 0.104575
1 0.445455 0.205882 0.042424 0.163399
1 0.401515 0.379085 0.057576 0.143791
1 0.459091 0.415033 0.057576 0.163399
1 0.603030 0.490196 0.054545 0.130719
1 0.748485 0.281046 0.115152 0.196078
1 0.765152 0.058824 0.063636 0.104575
1 0.812121 0.137255 0.084848 0.196078
1 0.924242 0.287582 0.090909 0.143791
1 0.939394 0.571895 0.048485 0.163399
1 0.751515 0.490196 0.054545 0.130719
1 0.778788 0.529412 0.078788 0.091503
1 0.759091 0.633987 0.081818 0.169935
1 0.689394 0.558824 0.057576 0.084967
1 0.681818 0.764706 0.060606 0.156863
1 0.559091 0.709150 0.063636 0.163399
1 0.522727 0.777778 0.081818 0.156863
1 0.724242 0.885621 0.072727 0.137255
1 0.801515 0.875817 0.063636 0.143791
1 0.857576 0.895425 0.054545 0.169935
