1 0.692308 0.110577 0.086538 0.120192
1 0.686298 0.412260 0.026442 0.074519
1 0.752404 0.485577 0.057692 0.091346
1 0.849760 0.536058 0.074519 0.125000
1 0.933894 0.605769 0.055288 0.105769
1 0.638221 0.685096 0.050481 0.081731
1 0.491587 0.439904 0.064904 0.076923
1 0.628606 0.424279 0.055288 0.098558
1 0.436298 0.439904 0.060096 0.115385
1 0.402644 0.433894 0.050481 0.103365
1 0.365385 0.671875 0.052885 0.098558
1 0.307692 0.663462 0.067308 0.081731
1 0.302885 0.407452 0.052885 0.127404
1 0.251202 0.406250 0.031250 0.120192
1 0.185096 0.415865 0.067308 0.096154
1 0.078125 0.451923 0.045673 0.115385
1 0.034856 0.430288 0.045673 0.105769
1 0.709135 0.419471 0.052885 0.060096
