1 0.282011 0.387200 0.075132 0.134400
1 0.704233 0.276800 0.098413 0.096000
1 0.572487 0.472000 0.069841 0.115200
1 0.486243 0.600000 0.094180 0.099200
1 0.436508 0.657600 0.066667 0.083200
1 0.476190 0.679200 0.086772 0.078400
1 0.599471 0.624000 0.043386 0.083200
1 0.604233 0.536000 0.029630 0.057600
1 0.635979 0.569600 0.050794 0.102400
1 0.651852 0.572800 0.059259 0.044800
1 0.674603 0.623200 0.073016 0.100800
1 0.767196 0.532800 0.048677 0.086400
1 0.862963 0.620800 0.087831 0.083200
1 0.497884 0.887200 0.064550 0.100800
1 0.206878 0.934400 0.037037 0.057600
