1 0.035937 0.191318 0.065625 0.318328
1 0.208594 0.192926 0.117188 0.295820
1 0.048438 0.670418 0.056250 0.273312
1 0.146875 0.684887 0.084375 0.302251
1 0.249219 0.692926 0.089063 0.279743
1 0.204687 0.842444 0.062500 0.282958
1 0.346094 0.864952 0.070312 0.270096
1 0.371094 0.670418 0.067187 0.299035
1 0.491406 0.856913 0.079687 0.286174
1 0.553906 0.681672 0.082812 0.289389
1 0.664844 0.712219 0.073438 0.279743
1 0.678125 0.869775 0.118750 0.260450
1 0.783594 0.668810 0.085938 0.295820
1 0.895312 0.683280 0.071875 0.299035
1 0.796094 0.866559 0.089063 0.266881
1 0.575781 0.186495 0.060937 0.315113
1 0.439844 0.189711 0.064062 0.372990
1 0.832031 0.175241 0.073438 0.286174
1 0.952344 0.155949 0.079687 0.305466
