1 0.799279 0.082933 0.084135 0.156250
1 0.495192 0.187500 0.067308 0.091346
1 0.650240 0.276442 0.050481 0.115385
1 0.693510 0.299279 0.064904 0.093750
1 0.800481 0.241587 0.052885 0.093750
1 0.750000 0.296875 0.033654 0.084135
1 0.782452 0.348558 0.040865 0.072115
1 0.474760 0.362981 0.084135 0.115385
1 0.387019 0.307692 0.120192 0.187500
1 0.276442 0.312500 0.125000 0.134615
1 0.152644 0.610577 0.055288 0.115385
1 0.066106 0.569712 0.074519 0.115385
1 0.024038 0.533654 0.043269 0.129808
1 0.198317 0.775240 0.050481 0.108173
1 0.418269 0.912260 0.076923 0.161058
1 0.237981 0.656250 0.062500 0.115385
1 0.266827 0.661058 0.052885 0.105769
1 0.277644 0.686298 0.050481 0.108173
1 0.307692 0.693510 0.062500 0.103365
1 0.348558 0.707933 0.043269 0.108173
1 0.375000 0.709135 0.048077 0.125000
1 0.417067 0.727163 0.031250 0.117788
1 0.402644 0.447115 0.132212 0.129808
1 0.633413 0.459135 0.040865 0.105769
1 0.519231 0.486779 0.038462 0.093750
1 0.551683 0.516827 0.050481 0.076923
1 0.599760 0.532452 0.050481 0.055288
1 0.688702 0.504808 0.069712 0.120192
1 0.762019 0.641827 0.057692 0.139423
1 0.790865 0.646635 0.048077 0.120192
1 0.814904 0.644231 0.048077 0.100962
1 0.836538 0.650240 0.033654 0.112981
1 0.850962 0.653846 0.048077 0.091346
1 0.877404 0.645433 0.038462 0.093750
1 0.905048 0.643029 0.045673 0.088942
1 0.949519 0.637019 0.038462 0.086538
1 0.975962 0.638221 0.038462 0.093750
1 0.606971 0.762019 0.036058 0.086538
1 0.591346 0.759615 0.043269 0.096154
1 0.573317 0.757212 0.040865 0.110577
1 0.558894 0.745192 0.040865 0.086538
1 0.531250 0.753606 0.043269 0.122596
1 0.504808 0.746394 0.048077 0.117788
1 0.473558 0.652644 0.062500 0.122596
1 0.516827 0.622596 0.091346 0.086538
1 0.444712 0.542067 0.062500 0.098558
1 0.492788 0.542067 0.052885 0.074519
1 0.733173 0.633413 0.067308 0.137019
1 0.698317 0.593750 0.050481 0.096154
1 0.669471 0.575721 0.055288 0.088942
1 0.605769 0.618990 0.076923 0.093750
1 0.743990 0.375000 0.040865 0.096154
