1 0.963942 0.258413 0.072115 0.252404
1 0.899038 0.318510 0.076923 0.213942
1 0.811298 0.372596 0.064904 0.216346
1 0.742788 0.423077 0.091346 0.197115
1 0.693510 0.445913 0.093750 0.185096
1 0.633413 0.484375 0.098558 0.218750
1 0.598558 0.490385 0.100962 0.221154
1 0.546875 0.528846 0.103365 0.225962
1 0.490385 0.545673 0.091346 0.221154
1 0.457933 0.588942 0.103365 0.216346
1 0.393029 0.639423 0.079327 0.187500
1 0.329327 0.645433 0.062500 0.189904
1 0.295673 0.670673 0.076923 0.230769
1 0.260817 0.692308 0.079327 0.206731
1 0.222356 0.701923 0.060096 0.225962
1 0.156250 0.735577 0.091346 0.163462
1 0.128606 0.765625 0.088942 0.185096
1 0.079327 0.774038 0.096154 0.187500
1 0.039663 0.800481 0.074519 0.201923
1 0.020433 0.852163 0.036058 0.194712
