1 0.199707 0.266691 0.183594 0.207630
1 0.368164 0.248716 0.243164 0.247982
1 0.770508 0.149670 0.221680 0.221570
1 0.562256 0.380778 0.078613 0.299340
1 0.626709 0.396185 0.115723 0.186354
1 0.728760 0.526779 0.105957 0.123258
1 0.703369 0.523111 0.055176 0.079237
1 0.901367 0.586207 0.079102 0.145268
1 0.951904 0.665444 0.096191 0.143800
1 0.966064 0.681585 0.067871 0.117388
1 0.949219 0.710932 0.101562 0.117388
1 0.830078 0.674615 0.107422 0.128393
1 0.770752 0.656273 0.116699 0.091709
1 0.471436 0.542553 0.066895 0.101981
1 0.569824 0.521643 0.051758 0.095378
1 0.514160 0.621790 0.065430 0.090242
1 0.550781 0.627660 0.079102 0.097579
1 0.622559 0.591709 0.108398 0.134263
1 0.690186 0.590976 0.086426 0.138665
1 0.627930 0.656273 0.088867 0.090242
1 0.619873 0.719369 0.081543 0.148936
1 0.461426 0.712399 0.103516 0.134996
1 0.480225 0.683786 0.087402 0.127660
1 0.427246 0.655172 0.068359 0.080704
1 0.448975 0.630961 0.054199 0.092443
1 0.399170 0.635730 0.064941 0.103448
1 0.340820 0.697726 0.124023 0.181952
1 0.294922 0.668012 0.059570 0.110785
1 0.273926 0.570433 0.068359 0.084373
1 0.305664 0.512106 0.063477 0.114453
1 0.336182 0.506970 0.045410 0.089508
1 0.363770 0.526045 0.051758 0.095378
1 0.209961 0.595378 0.071289 0.119589
1 0.093262 0.493397 0.160156 0.197359
1 0.107422 0.370873 0.140625 0.203228
1 0.066406 0.625459 0.083008 0.104916
1 0.152100 0.644534 0.073730 0.096112
