1 0.207000 0.090226 0.114000 0.172932
1 0.498000 0.178571 0.076000 0.146617
1 0.343000 0.272556 0.050000 0.124060
1 0.298000 0.287594 0.060000 0.124060
1 0.198000 0.248120 0.048000 0.082707
1 0.369000 0.469925 0.038000 0.075188
1 0.310000 0.518797 0.096000 0.142857
1 0.390000 0.625940 0.064000 0.093985
1 0.391000 0.761278 0.050000 0.093985
1 0.409000 0.750000 0.042000 0.071429
1 0.429000 0.759398 0.038000 0.097744
1 0.442000 0.748120 0.040000 0.090226
1 0.467000 0.751880 0.046000 0.105263
1 0.502000 0.750000 0.048000 0.101504
1 0.302000 0.590226 0.068000 0.105263
1 0.261000 0.592105 0.054000 0.071429
1 0.287000 0.646617 0.058000 0.105263
1 0.528000 0.353383 0.064000 0.142857
1 0.607000 0.323308 0.122000 0.157895
1 0.726000 0.323308 0.136000 0.127820
1 0.598000 0.437970 0.132000 0.139098
1 0.557000 0.543233 0.046000 0.078947
1 0.479000 0.471805 0.038000 0.078947
1 0.442000 0.513158 0.064000 0.056391
1 0.395000 0.535714 0.058000 0.086466
1 0.432000 0.578947 0.060000 0.082707
1 0.478000 0.616541 0.116000 0.067669
1 0.519000 0.644737 0.074000 0.124060
1 0.584000 0.725564 0.044000 0.105263
1 0.623000 0.721805 0.058000 0.135338
1 0.651000 0.699248 0.054000 0.105263
1 0.692000 0.693609 0.056000 0.101504
1 0.712000 0.671053 0.052000 0.109023
1 0.730000 0.661654 0.044000 0.120301
1 0.761000 0.646617 0.058000 0.135338
1 0.799000 0.776316 0.042000 0.101504
1 0.588000 0.909774 0.068000 0.172932
1 0.853000 0.599624 0.062000 0.131579
1 0.931000 0.562030 0.058000 0.124060
1 0.975000 0.543233 0.050000 0.116541
1 0.027000 0.639098 0.042000 0.112782
1 0.054000 0.631579 0.064000 0.112782
1 0.087000 0.633459 0.050000 0.101504
1 0.116000 0.640977 0.040000 0.116541
1 0.144000 0.633459 0.048000 0.116541
