1 0.084167 0.203226 0.045000 0.154839
1 0.200833 0.272581 0.065000 0.158065
1 0.127500 0.314516 0.055000 0.164516
1 0.147500 0.383871 0.051667 0.161290
1 0.224167 0.567742 0.085000 0.135484
1 0.288333 0.472581 0.066667 0.164516
1 0.237500 0.333871 0.045000 0.119355
1 0.372500 0.125806 0.058333 0.148387
1 0.498333 0.072581 0.070000 0.138710
1 0.660000 0.096774 0.066667 0.180645
1 0.633333 0.182258 0.066667 0.145161
1 0.516667 0.180645 0.066667 0.148387
1 0.496667 0.200000 0.060000 0.116129
1 0.438333 0.361290 0.070000 0.167742
1 0.337500 0.303226 0.048333 0.103226
1 0.378333 0.269355 0.066667 0.112903
1 0.395833 0.450000 0.051667 0.119355
1 0.057500 0.698387 0.041667 0.100000
1 0.020833 0.795161 0.038333 0.158065
1 0.100000 0.522581 0.076667 0.135484
1 0.455833 0.872581 0.058333 0.145161
1 0.517500 0.433871 0.095000 0.080645
1 0.523333 0.408065 0.036667 0.067742
1 0.657500 0.338710 0.061667 0.129032
1 0.639167 0.291935 0.071667 0.125806
1 0.796667 0.350000 0.053333 0.177419
1 0.868333 0.343548 0.040000 0.145161
1 0.930000 0.296774 0.050000 0.154839
1 0.960833 0.500000 0.051667 0.135484
1 0.930000 0.637097 0.043333 0.183871
1 0.787500 0.659677 0.045000 0.112903
1 0.785000 0.472581 0.046667 0.177419
1 0.765000 0.485484 0.050000 0.125806
1 0.694167 0.635484 0.048333 0.141935
1 0.671667 0.498387 0.083333 0.087097
1 0.642500 0.546774 0.065000 0.125806
1 0.625000 0.619355 0.053333 0.154839
