1 0.296296 0.299363 0.110053 0.136943
1 0.319048 0.362261 0.111111 0.154459
1 0.369841 0.374204 0.104762 0.152866
1 0.456085 0.308917 0.088889 0.143312
1 0.069841 0.281051 0.137566 0.100318
1 0.069841 0.409236 0.110053 0.114650
1 0.065079 0.605892 0.121693 0.154459
1 0.349735 0.530255 0.092063 0.101911
1 0.482011 0.571656 0.089947 0.101911
1 0.455556 0.476115 0.064550 0.092357
1 0.493122 0.419586 0.059259 0.100318
1 0.602116 0.397293 0.097354 0.135350
1 0.656085 0.398089 0.065608 0.101911
1 0.688360 0.416401 0.060317 0.097134
1 0.760847 0.430732 0.103704 0.135350
1 0.810582 0.372611 0.105820 0.124204
1 0.834392 0.387739 0.077249 0.103503
1 0.886772 0.425955 0.061376 0.138535
1 0.942328 0.383758 0.083598 0.092357
1 0.976190 0.396497 0.047619 0.181529
1 0.950794 0.766720 0.087831 0.141720
1 0.900000 0.784236 0.083598 0.106688
1 0.760317 0.797771 0.096296 0.117834
1 0.624868 0.558917 0.098413 0.143312
1 0.686243 0.585191 0.070899 0.132166
1 0.715873 0.613854 0.077249 0.132166
1 0.744444 0.571656 0.070899 0.136943
1 0.137037 0.764331 0.060317 0.076433
1 0.065079 0.872611 0.079365 0.098726
1 0.225397 0.812898 0.065608 0.090764
1 0.302116 0.703822 0.077249 0.111465
1 0.476190 0.792197 0.059259 0.081210
