1 0.581818 0.136986 0.177273 0.123288
1 0.661364 0.243151 0.086364 0.109589
1 0.684091 0.253425 0.086364 0.116438
1 0.754545 0.243151 0.031818 0.068493
1 0.809091 0.202055 0.072727 0.178082
1 0.754545 0.039384 0.050000 0.071918
1 0.904545 0.077055 0.163636 0.147260
1 0.956818 0.214041 0.086364 0.154110
1 0.514773 0.469178 0.106818 0.150685
1 0.375000 0.434932 0.131818 0.157534
1 0.238636 0.234589 0.109091 0.106164
1 0.159091 0.224315 0.077273 0.092466
1 0.045455 0.215753 0.077273 0.123288
1 0.068182 0.294521 0.095455 0.109589
1 0.495455 0.623288 0.122727 0.198630
1 0.820455 0.561644 0.109091 0.184932
1 0.792045 0.467466 0.106818 0.174658
1 0.632955 0.455479 0.102273 0.150685
1 0.692045 0.414384 0.065909 0.095890
1 0.939773 0.398973 0.106818 0.140411
1 0.931818 0.491438 0.127273 0.181507
1 0.923864 0.698630 0.047727 0.054795
