1 0.130435 0.333333 0.108696 0.153005
1 0.298913 0.325137 0.134058 0.147541
1 0.318841 0.420765 0.130435 0.087432
1 0.342391 0.554645 0.126812 0.125683
1 0.534420 0.338798 0.105072 0.163934
1 0.447464 0.385246 0.126812 0.158470
1 0.663043 0.344262 0.137681 0.185792
1 0.769928 0.316940 0.112319 0.174863
1 0.880435 0.308743 0.130435 0.136612
1 0.844203 0.437158 0.159420 0.142077
1 0.858696 0.562842 0.115942 0.131148
1 0.940217 0.598361 0.119565 0.191257
1 0.681159 0.554645 0.137681 0.136612
1 0.688406 0.658470 0.166667 0.147541
1 0.693841 0.792350 0.170290 0.153005
1 0.543478 0.775956 0.123188 0.120219
1 0.485507 0.612022 0.144928 0.131148
1 0.373188 0.688525 0.115942 0.142077
1 0.088768 0.846995 0.097826 0.120219
