1 0.938636 0.051674 0.055455 0.074236
1 0.920000 0.144105 0.043636 0.072780
1 0.837727 0.100437 0.053636 0.064047
1 0.781818 0.082242 0.049091 0.042213
1 0.884545 0.217613 0.049091 0.050946
1 0.856364 0.237991 0.030909 0.039301
1 0.809091 0.228530 0.034545 0.029112
1 0.825455 0.233624 0.030909 0.030568
1 0.895455 0.280932 0.038182 0.072780
1 0.889545 0.334061 0.031818 0.027656
1 0.953636 0.320961 0.047273 0.036390
1 0.958636 0.348617 0.037273 0.027656
1 0.927727 0.543668 0.044545 0.042213
1 0.891818 0.391557 0.047273 0.040757
1 0.663636 0.157933 0.043636 0.056769
1 0.468182 0.163755 0.038182 0.024745
1 0.123182 0.239447 0.037273 0.042213
1 0.095909 0.258370 0.050000 0.065502
1 0.189545 0.941776 0.053636 0.052402
1 0.400455 0.772926 0.050000 0.058224
1 0.735909 0.900291 0.042727 0.045124
1 0.748182 0.788937 0.049091 0.037846
1 0.770455 0.679039 0.039091 0.077147
1 0.794545 0.572052 0.045455 0.040757
1 0.507727 0.818777 0.039091 0.082969
1 0.470000 0.740902 0.047273 0.093159
1 0.555000 0.788210 0.046364 0.068413
1 0.595909 0.716885 0.035455 0.042213
1 0.575455 0.639010 0.038182 0.040757
1 0.444545 0.621543 0.040000 0.078603
1 0.318636 0.650655 0.040909 0.052402
1 0.267273 0.593159 0.049091 0.053857
1 0.173182 0.532023 0.037273 0.062591
1 0.226364 0.466521 0.052727 0.053857
1 0.205909 0.416303 0.048182 0.049491
1 0.185909 0.339156 0.039091 0.058224
1 0.221364 0.366812 0.039091 0.037846
1 0.271818 0.376274 0.034545 0.042213
1 0.363636 0.325328 0.041818 0.048035
1 0.449545 0.332606 0.042727 0.045124
1 0.520909 0.311499 0.034545 0.020378
1 0.683182 0.215429 0.048182 0.040757
1 0.711818 0.253275 0.040000 0.040757
1 0.781364 0.266376 0.042727 0.040757
1 0.803636 0.301310 0.030909 0.055313
1 0.831364 0.298399 0.033636 0.049491
1 0.840909 0.356623 0.041818 0.058224
1 0.877727 0.441776 0.044545 0.036390
1 0.889545 0.587336 0.051818 0.053857
1 0.885455 0.625910 0.043636 0.034934
1 0.838636 0.404658 0.048182 0.052402
1 0.806818 0.399563 0.035455 0.036390
1 0.801364 0.424309 0.037273 0.036390
1 0.705455 0.451965 0.050909 0.059680
1 0.717273 0.367540 0.032727 0.030568
1 0.686364 0.303493 0.040000 0.068413
1 0.671818 0.338428 0.034545 0.036390
1 0.341364 0.413392 0.048182 0.058224
1 0.329091 0.448326 0.047273 0.058224
1 0.270455 0.516739 0.051818 0.037846
1 0.325455 0.574964 0.045455 0.055313
1 0.364091 0.542213 0.044545 0.048035
1 0.409091 0.464338 0.036364 0.034934
1 0.430000 0.419214 0.040000 0.075691
1 0.471818 0.444687 0.038182 0.036390
1 0.482727 0.408297 0.038182 0.027656
1 0.521818 0.387918 0.038182 0.030568
1 0.564091 0.382096 0.037273 0.080058
1 0.595455 0.336245 0.036364 0.034934
1 0.615909 0.259098 0.035455 0.023290
1 0.640000 0.258370 0.040000 0.024745
1 0.635909 0.275837 0.044545 0.024745
1 0.615000 0.299854 0.035455 0.020378
1 0.642727 0.300582 0.040000 0.027656
1 0.625455 0.361718 0.038182 0.024745
1 0.665455 0.377001 0.038182 0.029112
1 0.651818 0.445415 0.038182 0.043668
1 0.670000 0.540757 0.041818 0.071325
1 0.689545 0.587336 0.035455 0.021834
1 0.693636 0.625910 0.043636 0.055313
1 0.630455 0.638282 0.044545 0.030568
1 0.570000 0.596798 0.045455 0.026201
1 0.619091 0.547307 0.043636 0.032023
1 0.543636 0.506550 0.038182 0.040757
1 0.487273 0.502183 0.036364 0.034934
1 0.487727 0.543668 0.037273 0.045124
1 0.524091 0.553857 0.033636 0.039301
1 0.610909 0.441776 0.050909 0.056769
1 0.594545 0.411208 0.038182 0.039301
1 0.529091 0.444687 0.032727 0.027656
1 0.511364 0.454876 0.026364 0.033479
