1 0.819000 0.077259 0.086000 0.113703
1 0.765000 0.125364 0.102000 0.134111
1 0.668000 0.161808 0.104000 0.154519
1 0.233000 0.196793 0.138000 0.131195
1 0.030000 0.231778 0.056000 0.142857
1 0.065000 0.291545 0.058000 0.081633
1 0.168000 0.368805 0.068000 0.137026
1 0.249000 0.370262 0.082000 0.081633
1 0.237000 0.282799 0.078000 0.093294
1 0.302000 0.246356 0.076000 0.090379
1 0.329000 0.269679 0.070000 0.096210
1 0.373000 0.284257 0.102000 0.125364
1 0.503000 0.322157 0.106000 0.160350
1 0.893000 0.269679 0.074000 0.142857
1 0.959000 0.287172 0.082000 0.137026
1 0.951000 0.392128 0.098000 0.131195
1 0.862000 0.415452 0.088000 0.107872
1 0.744000 0.358601 0.052000 0.180758
1 0.774000 0.454810 0.096000 0.069971
1 0.931000 0.553936 0.062000 0.093294
1 0.838000 0.489796 0.104000 0.122449
1 0.670000 0.282799 0.072000 0.104956
1 0.632000 0.421283 0.096000 0.096210
1 0.103000 0.440233 0.078000 0.099125
1 0.072000 0.371720 0.112000 0.125364
1 0.076000 0.520408 0.128000 0.078717
1 0.216000 0.674927 0.072000 0.102041
1 0.269000 0.712828 0.082000 0.102041
1 0.475000 0.740525 0.046000 0.058309
1 0.377000 0.699708 0.078000 0.093294
1 0.754000 0.581633 0.084000 0.119534
1 0.804000 0.641399 0.088000 0.093294
1 0.881000 0.615160 0.074000 0.099125
1 0.961000 0.637026 0.058000 0.172012
1 0.944000 0.930029 0.052000 0.058309
1 0.322000 0.447522 0.100000 0.096210
1 0.597000 0.593294 0.062000 0.084548
1 0.695000 0.604956 0.054000 0.055394
1 0.366000 0.855685 0.116000 0.078717
1 0.076000 0.790087 0.092000 0.069971
1 0.115000 0.720117 0.050000 0.081633
1 0.392000 0.588921 0.084000 0.099125
1 0.400000 0.451895 0.080000 0.139942
1 0.523000 0.476676 0.090000 0.119534
1 0.608000 0.501458 0.112000 0.064140
1 0.458000 0.833819 0.048000 0.058309
1 0.535000 0.925656 0.026000 0.032070
1 0.636000 0.931487 0.040000 0.037901
1 0.701000 0.932945 0.034000 0.040816
1 0.816000 0.930029 0.040000 0.052478
1 0.682000 0.851312 0.080000 0.075802
1 0.235000 0.825073 0.070000 0.093294
1 0.696000 0.728863 0.088000 0.058309
1 0.809000 0.756560 0.090000 0.061224
1 0.942000 0.829446 0.100000 0.061224
1 0.615000 0.781341 0.114000 0.081633
1 0.127000 0.915452 0.034000 0.046647
1 0.028000 0.925656 0.032000 0.043732
1 0.311000 0.928571 0.034000 0.037901
