1 0.249167 0.243651 0.135000 0.284127
1 0.318333 0.199206 0.091667 0.261905
1 0.162917 0.430159 0.122500 0.269841
1 0.129167 0.661111 0.086667 0.128571
1 0.087083 0.696032 0.067500 0.134921
1 0.055833 0.880952 0.105000 0.193651
1 0.240417 0.965873 0.060833 0.068254
1 0.300417 0.806349 0.062500 0.146032
1 0.239167 0.626984 0.105000 0.190476
1 0.372500 0.603968 0.078333 0.261905
1 0.440000 0.789683 0.185000 0.230159
1 0.395000 0.897619 0.135000 0.147619
1 0.515833 0.457143 0.141667 0.234921
1 0.757917 0.400000 0.117500 0.196825
1 0.826250 0.472222 0.135833 0.220635
1 0.908333 0.411905 0.116667 0.204762
1 0.835417 0.652381 0.154167 0.209524
