1 0.866788 0.429348 0.105839 0.141304
1 0.830292 0.383152 0.091241 0.070652
1 0.770073 0.415761 0.109489 0.114130
1 0.892336 0.524457 0.135036 0.081522
1 0.822993 0.472826 0.120438 0.086957
1 0.377737 0.399457 0.083942 0.135870
1 0.350365 0.353261 0.087591 0.086957
1 0.136861 0.578804 0.091241 0.135870
1 0.133212 0.573370 0.127737 0.157609
1 0.297445 0.513587 0.120438 0.092391
1 0.244526 0.646739 0.131387 0.119565
1 0.348540 0.622283 0.142336 0.168478
1 0.456204 0.608696 0.167883 0.195652
1 0.562044 0.407609 0.116788 0.076087
1 0.574818 0.429348 0.113139 0.097826
1 0.580292 0.543478 0.124088 0.086957
1 0.583942 0.603261 0.094891 0.097826
1 0.640511 0.589674 0.113139 0.103261
1 0.658759 0.516304 0.105839 0.108696
