1 0.232975 0.087580 0.172043 0.168790
1 0.284050 0.286624 0.130824 0.191083
1 0.387993 0.248408 0.066308 0.171975
1 0.462366 0.224522 0.154122 0.270701
1 0.608423 0.265924 0.137993 0.162420
1 0.716846 0.388535 0.111111 0.146497
1 0.683692 0.482484 0.145161 0.162420
1 0.839606 0.605096 0.112903 0.152866
1 0.828853 0.770701 0.130824 0.171975
1 0.737455 0.662420 0.055556 0.127389
1 0.753584 0.605096 0.059140 0.121019
1 0.657706 0.617834 0.071685 0.133758
1 0.553763 0.633758 0.114695 0.159236
1 0.614695 0.697452 0.078853 0.140127
1 0.667563 0.770701 0.105735 0.121019
1 0.511649 0.460191 0.094982 0.136943
1 0.568996 0.418790 0.069892 0.136943
1 0.374552 0.429936 0.053763 0.114650
1 0.273297 0.425159 0.098566 0.181529
1 0.308244 0.382166 0.121864 0.127389
