0 0.171875 0.200721 0.223558 0.213942
0 0.477163 0.263221 0.146635 0.189904
0 0.543269 0.313702 0.115385 0.108173
0 0.414663 0.384615 0.276442 0.211538
0 0.526442 0.519231 0.105769 0.110577
0 0.431490 0.507212 0.185096 0.100962
0 0.444712 0.603365 0.298077 0.149038
0 0.384615 0.637019 0.144231 0.182692
0 0.918269 0.486779 0.163462 0.314904
0 0.808894 0.741587 0.151442 0.151442
0 0.686298 0.623798 0.141827 0.266827
0 0.786058 0.576923 0.182692 0.235577
0 0.640625 0.496394 0.137019 0.137019
0 0.656250 0.419471 0.125000 0.108173
0 0.676683 0.364183 0.108173 0.137019
0 0.778846 0.443510 0.158654 0.127404
0 0.710337 0.122596 0.165865 0.129808
