0 0.881010 0.284856 0.189904 0.213942
0 0.599760 0.409856 0.286058 0.189904
0 0.574519 0.278846 0.105769 0.235577
0 0.514423 0.307692 0.100962 0.129808
0 0.314904 0.582933 0.149038 0.276442
0 0.138221 0.655048 0.161058 0.132212
0 0.224760 0.492788 0.218750 0.206731
0 0.257212 0.382212 0.177885 0.139423
0 0.085337 0.383413 0.165865 0.281250
0 0.372596 0.324519 0.105769 0.091346
0 0.373798 0.387019 0.132212 0.062500
0 0.367788 0.457933 0.129808 0.074519
0 0.480769 0.515625 0.158654 0.088942
0 0.569712 0.546875 0.163462 0.088942
0 0.520433 0.608173 0.295673 0.139423
0 0.564904 0.662260 0.173077 0.175481
0 0.412260 0.079327 0.170673 0.086538
