0 0.076923 0.582933 0.149038 0.271635
0 0.534856 0.692308 0.209135 0.168269
0 0.584135 0.580529 0.235577 0.127404
0 0.497596 0.587740 0.187500 0.122596
0 0.545673 0.500000 0.144231 0.110577
0 0.375000 0.487981 0.312500 0.264423
0 0.316106 0.378606 0.151442 0.218750
0 0.371394 0.358173 0.108173 0.158654
0 0.877404 0.411058 0.182692 0.115385
0 0.777644 0.139423 0.262019 0.201923
0 0.676683 0.466346 0.189904 0.235577
0 0.711538 0.313702 0.201923 0.204327
0 0.532452 0.342548 0.151442 0.108173
0 0.530048 0.272837 0.112981 0.093750
0 0.638221 0.256010 0.170673 0.146635
0 0.350962 0.088942 0.168269 0.096154
