0 0.094952 0.338942 0.185096 0.230769
0 0.878606 0.610577 0.165865 0.129808
0 0.450721 0.673077 0.137019 0.182692
0 0.512019 0.616587 0.240385 0.151442
0 0.457933 0.552885 0.189904 0.105769
0 0.525240 0.527644 0.180288 0.084135
0 0.521635 0.466346 0.096154 0.096154
0 0.399038 0.443510 0.365385 0.223558
0 0.393029 0.282452 0.141827 0.213942
0 0.475962 0.313702 0.139423 0.132212
0 0.622596 0.314904 0.100962 0.091346
0 0.614183 0.368990 0.132212 0.088942
0 0.623798 0.436298 0.141827 0.098558
0 0.734375 0.347356 0.156250 0.137019
0 0.763221 0.437500 0.209135 0.153846
0 0.707933 0.563702 0.132212 0.286058
0 0.896635 0.334135 0.206731 0.274038
