0 0.918269 0.551683 0.163462 0.233173
0 0.612981 0.349760 0.091346 0.180288
0 0.706731 0.349760 0.125000 0.218750
0 0.110577 0.421875 0.173077 0.117788
0 0.201923 0.137019 0.259615 0.221154
0 0.637019 0.501202 0.250000 0.175481
0 0.305288 0.453125 0.173077 0.242788
0 0.282452 0.334135 0.223558 0.206731
0 0.461538 0.283654 0.125000 0.086538
0 0.447115 0.338942 0.134615 0.086538
0 0.420673 0.393029 0.129808 0.151442
0 0.355769 0.258413 0.158654 0.141827
0 0.456731 0.492788 0.139423 0.091346
0 0.417067 0.572115 0.233173 0.144231
0 0.521635 0.582933 0.153846 0.141827
0 0.460337 0.671875 0.161058 0.151442
0 0.650240 0.105769 0.151442 0.105769
