0 0.085337 0.427885 0.165865 0.240385
0 0.350962 0.306490 0.129808 0.185096
0 0.425481 0.318510 0.125000 0.137019
0 0.397837 0.450721 0.343750 0.170673
0 0.518029 0.491587 0.170673 0.103365
0 0.516827 0.575721 0.298077 0.161058
0 0.495192 0.683894 0.187500 0.170673
0 0.891827 0.534856 0.158654 0.112981
0 0.691106 0.525240 0.161058 0.262019
0 0.594952 0.412260 0.127404 0.108173
0 0.756010 0.391827 0.213942 0.149038
0 0.586538 0.359375 0.125000 0.112981
0 0.582933 0.293269 0.117788 0.105769
0 0.709135 0.318510 0.168269 0.141827
0 0.873798 0.251202 0.218750 0.223558
