0 0.896635 0.259615 0.206731 0.235577
0 0.885817 0.554087 0.165865 0.103365
0 0.700721 0.533654 0.127404 0.254808
0 0.762019 0.414663 0.230769 0.185096
0 0.717548 0.330529 0.161058 0.165865
0 0.611779 0.294471 0.108173 0.084135
0 0.606971 0.358173 0.146635 0.081731
0 0.610577 0.433894 0.125000 0.093750
0 0.448317 0.324519 0.088942 0.129808
0 0.367788 0.301683 0.100962 0.199519
0 0.377404 0.462740 0.269231 0.170673
0 0.527644 0.463942 0.108173 0.062500
0 0.519231 0.504808 0.211538 0.086538
0 0.447115 0.570913 0.168269 0.112981
0 0.540865 0.600962 0.211538 0.139423
0 0.474760 0.679087 0.180288 0.165865
0 0.100962 0.417067 0.197115 0.223558
