0 0.889423 0.246394 0.216346 0.233173
0 0.888221 0.538462 0.175481 0.100962
0 0.709135 0.507212 0.129808 0.254808
0 0.751202 0.393029 0.223558 0.199519
0 0.709135 0.313702 0.158654 0.156250
0 0.596154 0.292067 0.120192 0.088942
0 0.594952 0.349760 0.132212 0.084135
0 0.598558 0.424279 0.134615 0.093750
0 0.438702 0.325721 0.088942 0.122596
0 0.350962 0.304087 0.105769 0.189904
0 0.372596 0.457933 0.274038 0.141827
0 0.534856 0.457933 0.103365 0.055288
0 0.537260 0.489183 0.151442 0.093750
0 0.507212 0.584135 0.274038 0.129808
0 0.473558 0.679087 0.182692 0.175481
0 0.085337 0.430288 0.165865 0.250000
