1 0.364183 0.362981 0.079327 0.081731
1 0.539663 0.358173 0.084135 0.076923
1 0.718750 0.242788 0.105769 0.072115
1 0.802885 0.251202 0.081731 0.122596
1 0.520433 0.563702 0.088942 0.060096
1 0.376202 0.597356 0.093750 0.074519
1 0.088942 0.637019 0.129808 0.072115
1 0.620192 0.789663 0.057692 0.074519
1 0.870192 0.633413 0.086538 0.079327
1 0.740385 0.435096 0.086538 0.096154
1 0.334135 0.453125 0.120192 0.088942
1 0.247596 0.443510 0.125000 0.103365
1 0.638221 0.486779 0.093750 0.064904
1 0.186298 0.810096 0.132212 0.081731
1 0.687500 0.477163 0.081731 0.079327
1 0.977163 0.513221 0.045673 0.084135
1 0.614183 0.322115 0.088942 0.072115
1 0.592548 0.353365 0.088942 0.081731
1 0.324519 0.909856 0.081731 0.074519
1 0.419471 0.918269 0.088942 0.076923
1 0.040865 0.522837 0.076923 0.137019
1 0.703125 0.319712 0.137019 0.067308
1 0.459135 0.466346 0.081731 0.173077
1 0.456731 0.501202 0.062500 0.088942
