1 0.121394 0.394231 0.165865 0.144231
1 0.280048 0.350962 0.262019 0.288462
1 0.506010 0.366587 0.132212 0.281250
1 0.598558 0.371394 0.115385 0.175481
1 0.694712 0.118990 0.322115 0.204327
1 0.725962 0.450721 0.105769 0.137019
1 0.900240 0.455529 0.084135 0.122596
1 0.957933 0.503606 0.084135 0.108173
1 0.883413 0.561298 0.112981 0.117788
1 0.787260 0.562500 0.122596 0.076923
1 0.486779 0.551683 0.064904 0.060096
1 0.381010 0.567308 0.050481 0.081731
1 0.352163 0.570913 0.055288 0.074519
1 0.322115 0.586538 0.072115 0.067308
1 0.326923 0.640625 0.072115 0.069712
1 0.346154 0.715144 0.086538 0.079327
1 0.417067 0.772837 0.122596 0.098558
1 0.540865 0.722356 0.129808 0.108173
1 0.550481 0.681490 0.125000 0.098558
1 0.477163 0.659856 0.112981 0.103365
1 0.543269 0.609375 0.067308 0.079327
1 0.592548 0.604567 0.064904 0.069712
1 0.686298 0.610577 0.151442 0.177885
1 0.100962 0.582933 0.139423 0.300481
1 0.257212 0.697115 0.062500 0.076923
1 0.972356 0.443510 0.055288 0.079327
