1 0.164663 0.108173 0.098558 0.149038
1 0.479567 0.186298 0.074519 0.093750
1 0.328125 0.292067 0.055288 0.079327
1 0.282452 0.317308 0.055288 0.076923
1 0.587740 0.313702 0.108173 0.156250
1 0.597356 0.443510 0.127404 0.098558
1 0.368990 0.471154 0.036058 0.062500
1 0.862981 0.573317 0.062500 0.093750
1 0.938702 0.531250 0.055288 0.091346
1 0.818510 0.750000 0.045673 0.091346
1 0.614183 0.902644 0.079327 0.151442
1 0.527644 0.748798 0.040865 0.103365
1 0.532452 0.639423 0.055288 0.100962
1 0.705529 0.300481 0.122596 0.110577
1 0.322115 0.526442 0.072115 0.115385
1 0.177885 0.274038 0.048077 0.062500
1 0.490385 0.483173 0.048077 0.052885
1 0.562500 0.532452 0.067308 0.069712
1 0.405048 0.627404 0.060096 0.076923
1 0.412260 0.542067 0.055288 0.050481
1 0.301683 0.668269 0.045673 0.062500
1 0.275240 0.618990 0.055288 0.055288
1 0.777644 0.632212 0.055288 0.091346
1 0.609375 0.717548 0.045673 0.084135
1 0.649038 0.701923 0.048077 0.110577
1 0.491587 0.747596 0.045673 0.096154
1 0.466346 0.756010 0.052885 0.074519
1 0.451923 0.759615 0.043269 0.076923
1 0.436298 0.766827 0.040865 0.081731
1 0.412260 0.765625 0.040865 0.074519
1 0.707933 0.671875 0.055288 0.088942
1 0.665865 0.688702 0.038462 0.084135
1 0.729567 0.661058 0.060096 0.096154
1 0.743990 0.640625 0.055288 0.093750
1 0.974760 0.495192 0.050481 0.100962
1 0.512019 0.355769 0.096154 0.110577
1 0.230769 0.324519 0.052885 0.086538
1 0.241587 0.393029 0.050481 0.088942
1 0.206731 0.372596 0.043269 0.052885
1 0.224760 0.635817 0.055288 0.055288
1 0.038462 0.663462 0.038462 0.057692
1 0.063702 0.659856 0.045673 0.064904
