1 0.526442 0.269231 0.062500 0.067308
1 0.685096 0.348558 0.139423 0.125000
1 0.753606 0.328125 0.055288 0.079327
1 0.968750 0.460337 0.062500 0.088942
1 0.367788 0.572115 0.062500 0.110577
1 0.320913 0.687500 0.098558 0.072115
1 0.234375 0.884615 0.088942 0.096154
1 0.569712 0.768029 0.134615 0.127404
1 0.514423 0.706731 0.076923 0.110577
1 0.792067 0.575721 0.151442 0.237981
1 0.149038 0.603365 0.163462 0.134615
1 0.358173 0.242788 0.067308 0.062500
1 0.259615 0.225962 0.062500 0.062500
1 0.441106 0.641827 0.069712 0.091346
1 0.096154 0.338942 0.158654 0.139423
1 0.451923 0.376202 0.177885 0.233173
1 0.359375 0.376202 0.093750 0.103365
1 0.798077 0.492788 0.067308 0.086538
1 0.602163 0.538462 0.180288 0.211538
1 0.460337 0.502404 0.103365 0.139423
1 0.556490 0.600962 0.199519 0.115385
1 0.135817 0.485577 0.165865 0.134615
1 0.114183 0.750000 0.079327 0.153846
1 0.055288 0.658654 0.057692 0.100962
1 0.185096 0.691106 0.086538 0.122596
1 0.771635 0.704327 0.125000 0.149038
1 0.700721 0.542067 0.055288 0.098558
1 0.913462 0.235577 0.062500 0.067308
1 0.164663 0.384615 0.180288 0.225962
1 0.038462 0.460337 0.072115 0.189904
1 0.878606 0.183894 0.040865 0.060096
1 0.710337 0.211538 0.031250 0.105769
1 0.679087 0.221154 0.074519 0.072115
1 0.567308 0.239183 0.067308 0.064904
1 0.462740 0.219952 0.040865 0.074519
1 0.449519 0.248798 0.033654 0.060096
1 0.414663 0.241587 0.050481 0.060096
1 0.215144 0.229567 0.040865 0.079327
1 0.147837 0.225962 0.074519 0.072115
1 0.115385 0.234375 0.062500 0.069712
1 0.033654 0.200721 0.024038 0.069712
1 0.168269 0.162260 0.038462 0.079327
1 0.074519 0.203125 0.043269 0.079327
1 0.105769 0.175481 0.048077 0.052885
1 0.603365 0.479567 0.062500 0.079327
