1 0.114183 0.326923 0.223558 0.211538
1 0.066106 0.715144 0.127404 0.209135
1 0.163462 0.715144 0.105769 0.175481
1 0.217548 0.711538 0.079327 0.163462
1 0.294471 0.723558 0.088942 0.158654
1 0.277644 0.706731 0.084135 0.158654
1 0.352163 0.725962 0.098558 0.139423
1 0.377404 0.701923 0.067308 0.177885
1 0.405048 0.704327 0.084135 0.163462
1 0.907452 0.502404 0.185096 0.317308
1 0.841346 0.216346 0.201923 0.158654
1 0.489183 0.176683 0.204327 0.348558
1 0.894231 0.723558 0.134615 0.221154
1 0.930288 0.724760 0.062500 0.185096
1 0.475962 0.734375 0.067308 0.156250
1 0.530048 0.715144 0.108173 0.156250
1 0.621394 0.438702 0.156250 0.497596
1 0.026442 0.723558 0.048077 0.139423
1 0.640625 0.719952 0.093750 0.137019
1 0.604567 0.799279 0.300481 0.401442
