1 0.521635 0.143029 0.149038 0.252404
1 0.361779 0.225962 0.074519 0.105769
1 0.861779 0.075721 0.060096 0.146635
1 0.260817 0.413462 0.079327 0.091346
1 0.163462 0.459135 0.100962 0.081731
1 0.533654 0.837740 0.120192 0.132212
1 0.805288 0.807692 0.115385 0.134615
1 0.876202 0.754808 0.103365 0.149038
1 0.317308 0.836538 0.096154 0.115385
1 0.127404 0.855769 0.091346 0.110577
1 0.528846 0.683894 0.076923 0.093750
1 0.677885 0.610577 0.081731 0.096154
1 0.817308 0.626202 0.086538 0.103365
1 0.920673 0.661058 0.091346 0.096154
1 0.661058 0.723558 0.086538 0.129808
1 0.735577 0.783654 0.091346 0.120192
1 0.533654 0.752404 0.100962 0.076923
1 0.384615 0.784856 0.091346 0.127404
1 0.228365 0.764423 0.072115 0.096154
1 0.787260 0.549279 0.103365 0.098558
1 0.901442 0.471154 0.038462 0.076923
1 0.991587 0.477163 0.016827 0.055288
1 0.620192 0.473558 0.043269 0.072115
1 0.665865 0.433894 0.072115 0.045673
1 0.766827 0.454327 0.052885 0.052885
1 0.768029 0.459135 0.036058 0.067308
1 0.820913 0.413462 0.040865 0.067308
1 0.843750 0.390625 0.048077 0.040865
1 0.519231 0.461538 0.072115 0.062500
1 0.564904 0.467548 0.043269 0.055288
1 0.520433 0.558894 0.040865 0.050481
1 0.144231 0.828125 0.091346 0.127404
1 0.204327 0.828125 0.110577 0.103365
1 0.597356 0.715144 0.079327 0.108173
1 0.425481 0.768029 0.120192 0.098558
1 0.956731 0.592548 0.052885 0.088942
1 0.981971 0.627404 0.036058 0.110577
1 0.284856 0.455529 0.093750 0.093750
