1 0.540865 0.308894 0.091346 0.108173
1 0.646635 0.305288 0.086538 0.096154
1 0.782452 0.324519 0.079327 0.139423
1 0.705529 0.481971 0.117788 0.093750
1 0.389423 0.106971 0.067308 0.084135
1 0.270433 0.090144 0.117788 0.084135
1 0.169471 0.209135 0.040865 0.139423
1 0.087740 0.460337 0.084135 0.084135
1 0.239183 0.426683 0.098558 0.098558
1 0.336538 0.578125 0.120192 0.098558
1 0.850962 0.564904 0.091346 0.149038
1 0.798077 0.706731 0.105769 0.100962
1 0.313702 0.500000 0.127404 0.091346
1 0.573317 0.432692 0.060096 0.081731
1 0.473558 0.456731 0.062500 0.062500
1 0.409856 0.439904 0.060096 0.057692
1 0.340144 0.433894 0.069712 0.060096
1 0.451923 0.681490 0.110577 0.161058
1 0.707933 0.659856 0.079327 0.122596
1 0.941106 0.551683 0.079327 0.084135
1 0.449519 0.528846 0.100962 0.105769
1 0.522837 0.514423 0.093750 0.120192
1 0.311298 0.216346 0.093750 0.125000
1 0.324519 0.269231 0.096154 0.081731
1 0.217548 0.287260 0.074519 0.117788
1 0.783654 0.621394 0.086538 0.088942
1 0.697115 0.719952 0.139423 0.161058
1 0.757212 0.855769 0.086538 0.115385
1 0.143029 0.498798 0.093750 0.084135
1 0.112981 0.320913 0.019231 0.084135
1 0.614183 0.461538 0.060096 0.076923
