1 0.131010 0.683894 0.098558 0.055288
1 0.609375 0.750000 0.088942 0.081731
1 0.506010 0.705529 0.045673 0.079327
1 0.460337 0.647837 0.031250 0.079327
1 0.365385 0.614183 0.048077 0.074519
1 0.608173 0.073317 0.182692 0.117788
1 0.111779 0.522837 0.069712 0.055288
1 0.756010 0.667067 0.036058 0.074519
1 0.277644 0.634615 0.045673 0.072115
1 0.147837 0.384615 0.036058 0.062500
1 0.037260 0.545673 0.069712 0.081731
1 0.088942 0.443510 0.043269 0.084135
1 0.219952 0.522837 0.088942 0.084135
1 0.356971 0.538462 0.050481 0.057692
1 0.419471 0.567308 0.060096 0.067308
1 0.664663 0.717548 0.079327 0.069712
1 0.560096 0.699519 0.048077 0.072115
1 0.711538 0.784856 0.024038 0.079327
1 0.293269 0.138221 0.221154 0.189904
1 0.149038 0.313702 0.100962 0.127404
1 0.057692 0.415865 0.110577 0.173077
1 0.451923 0.288462 0.100962 0.139423
1 0.604567 0.302885 0.175481 0.192308
1 0.526442 0.435096 0.192308 0.120192
1 0.889423 0.375000 0.125000 0.177885
1 0.586538 0.510817 0.091346 0.074519
1 0.711538 0.526442 0.043269 0.067308
1 0.709135 0.620192 0.086538 0.067308
1 0.367788 0.376202 0.048077 0.060096
1 0.352163 0.484375 0.060096 0.069712
1 0.304087 0.448317 0.045673 0.055288
1 0.349760 0.448317 0.050481 0.050481
