1 0.807692 0.161058 0.076923 0.081731
1 0.875000 0.099760 0.057692 0.064904
1 0.909856 0.265625 0.050481 0.088942
1 0.969952 0.269231 0.055288 0.067308
1 0.957933 0.298077 0.050481 0.067308
1 0.432692 0.060096 0.076923 0.115385
1 0.245192 0.036058 0.057692 0.067308
1 0.302885 0.122596 0.067308 0.096154
1 0.430288 0.163462 0.081731 0.134615
1 0.324519 0.248798 0.052885 0.064904
1 0.201923 0.289663 0.091346 0.122596
1 0.121394 0.194712 0.088942 0.105769
1 0.074519 0.093750 0.062500 0.105769
1 0.022837 0.371394 0.040865 0.108173
1 0.078125 0.353365 0.064904 0.067308
1 0.099760 0.347356 0.069712 0.079327
1 0.169471 0.433894 0.060096 0.064904
1 0.112981 0.469952 0.086538 0.112981
1 0.126202 0.486779 0.060096 0.074519
1 0.031250 0.599760 0.057692 0.064904
1 0.062500 0.622596 0.048077 0.067308
1 0.040865 0.687500 0.072115 0.072115
1 0.131010 0.661058 0.079327 0.076923
1 0.146635 0.716346 0.057692 0.067308
1 0.131010 0.724760 0.045673 0.069712
1 0.230769 0.770433 0.057692 0.069712
1 0.219952 0.521635 0.069712 0.091346
1 0.242788 0.388221 0.062500 0.108173
1 0.259615 0.389423 0.052885 0.067308
1 0.308894 0.343750 0.050481 0.086538
1 0.280048 0.300481 0.050481 0.072115
1 0.269231 0.317308 0.033654 0.052885
1 0.659856 0.205529 0.055288 0.084135
1 0.730769 0.316106 0.052885 0.093750
1 0.893029 0.397837 0.064904 0.079327
1 0.926683 0.474760 0.069712 0.074519
1 0.967548 0.533654 0.064904 0.091346
1 0.858173 0.475962 0.072115 0.096154
1 0.849760 0.587740 0.074519 0.093750
1 0.820913 0.605769 0.060096 0.067308
1 0.752404 0.637019 0.072115 0.096154
1 0.758413 0.784856 0.055288 0.069712
1 0.825721 0.840144 0.064904 0.079327
1 0.817308 0.777644 0.076923 0.074519
1 0.836538 0.776442 0.057692 0.072115
1 0.842548 0.701923 0.064904 0.091346
1 0.975962 0.677885 0.048077 0.067308
1 0.960337 0.715144 0.055288 0.069712
1 0.943510 0.754808 0.079327 0.067308
1 0.947115 0.817308 0.062500 0.086538
1 0.960337 0.862981 0.074519 0.134615
1 0.875000 0.955529 0.033654 0.079327
1 0.824519 0.968750 0.062500 0.062500
1 0.700721 0.878606 0.060096 0.088942
1 0.709135 0.829327 0.072115 0.086538
1 0.718750 0.778846 0.048077 0.057692
1 0.685096 0.718750 0.062500 0.081731
1 0.675481 0.545673 0.052885 0.072115
1 0.681490 0.400240 0.055288 0.055288
1 0.646635 0.402644 0.057692 0.084135
1 0.594952 0.301683 0.055288 0.069712
1 0.527644 0.217548 0.050481 0.069712
1 0.582933 0.247596 0.045673 0.062500
1 0.655048 0.289663 0.060096 0.064904
1 0.378606 0.427885 0.074519 0.100962
1 0.437500 0.437500 0.057692 0.072115
1 0.436298 0.479567 0.064904 0.069712
1 0.384615 0.483173 0.057692 0.091346
1 0.335337 0.516827 0.055288 0.067308
1 0.352163 0.481971 0.050481 0.074519
1 0.300481 0.498798 0.048077 0.069712
1 0.268029 0.506010 0.074519 0.093750
1 0.252404 0.614183 0.072115 0.084135
1 0.239183 0.692308 0.055288 0.057692
1 0.301683 0.721154 0.079327 0.076923
1 0.299279 0.646635 0.060096 0.081731
1 0.353365 0.597356 0.067308 0.060096
1 0.355769 0.644231 0.062500 0.076923
1 0.555288 0.566106 0.062500 0.079327
1 0.578125 0.484375 0.055288 0.055288
1 0.558894 0.406250 0.060096 0.096154
1 0.526442 0.355769 0.043269 0.062500
1 0.521635 0.453125 0.076923 0.112981
1 0.596154 0.605769 0.072115 0.105769
1 0.573317 0.670673 0.064904 0.067308
1 0.615385 0.712740 0.076923 0.093750
1 0.443510 0.638221 0.050481 0.079327
1 0.483173 0.546875 0.048077 0.050481
1 0.510817 0.545673 0.045673 0.067308
1 0.459135 0.771635 0.057692 0.057692
1 0.519231 0.783654 0.057692 0.086538
1 0.546875 0.730769 0.069712 0.105769
1 0.576923 0.878606 0.052885 0.093750
1 0.628606 0.807692 0.064904 0.072115
1 0.387019 0.859375 0.062500 0.088942
1 0.311298 0.835337 0.050481 0.084135
1 0.030048 0.757212 0.055288 0.072115
1 0.639423 0.502404 0.062500 0.067308
1 0.689904 0.490385 0.057692 0.062500
1 0.739183 0.475962 0.074519 0.081731
1 0.719952 0.364183 0.064904 0.060096
1 0.774038 0.442308 0.038462 0.081731
1 0.793269 0.516827 0.076923 0.100962
1 0.862981 0.478365 0.072115 0.096154
