1 0.526442 0.121394 0.120192 0.112981
1 0.776442 0.036058 0.144231 0.067308
1 0.725962 0.354567 0.134615 0.103365
1 0.579327 0.263221 0.125000 0.084135
1 0.459135 0.259615 0.110577 0.100962
1 0.335337 0.282452 0.088942 0.069712
1 0.378606 0.350962 0.112981 0.067308
1 0.217548 0.318510 0.146635 0.122596
1 0.152644 0.486779 0.141827 0.199519
1 0.489183 0.531250 0.127404 0.086538
1 0.597356 0.519231 0.132212 0.110577
1 0.721154 0.460337 0.173077 0.108173
1 0.932692 0.562500 0.129808 0.110577
1 0.816106 0.594952 0.112981 0.103365
1 0.608173 0.626202 0.134615 0.093750
1 0.116587 0.713942 0.108173 0.072115
1 0.131010 0.588942 0.141827 0.091346
