1 0.242788 0.211538 0.110577 0.072115
1 0.138221 0.361779 0.098558 0.060096
1 0.146635 0.310096 0.081731 0.086538
1 0.241587 0.389423 0.122596 0.134615
1 0.206731 0.259615 0.096154 0.096154
1 0.216346 0.296875 0.125000 0.141827
1 0.229567 0.516827 0.112981 0.100962
1 0.210337 0.599760 0.117788 0.117788
1 0.296875 0.623798 0.108173 0.098558
1 0.328125 0.697115 0.098558 0.076923
1 0.358173 0.421875 0.105769 0.108173
1 0.336538 0.542067 0.091346 0.064904
1 0.407452 0.521635 0.093750 0.076923
1 0.377404 0.546875 0.081731 0.060096
1 0.407452 0.588942 0.112981 0.100962
1 0.358173 0.847356 0.115385 0.189904
1 0.379808 0.783654 0.105769 0.081731
1 0.413462 0.777644 0.091346 0.084135
1 0.426683 0.711538 0.117788 0.115385
1 0.454327 0.643029 0.086538 0.165865
1 0.503606 0.593750 0.093750 0.168269
1 0.561298 0.683894 0.093750 0.108173
1 0.447115 0.390625 0.096154 0.170673
1 0.403846 0.325721 0.086538 0.074519
1 0.400240 0.176683 0.088942 0.112981
1 0.314904 0.125000 0.072115 0.115385
1 0.331731 0.050481 0.105769 0.096154
1 0.353365 0.073317 0.091346 0.103365
1 0.521635 0.049279 0.091346 0.079327
1 0.493990 0.099760 0.098558 0.079327
1 0.469952 0.168269 0.098558 0.072115
1 0.486779 0.295673 0.098558 0.173077
1 0.468750 0.266827 0.038462 0.048077
1 0.573317 0.264423 0.103365 0.163462
1 0.561298 0.402644 0.098558 0.151442
1 0.556490 0.836538 0.098558 0.115385
1 0.651442 0.585337 0.125000 0.093750
1 0.663462 0.645433 0.100962 0.069712
1 0.640625 0.489183 0.093750 0.127404
1 0.670673 0.411058 0.120192 0.076923
1 0.641827 0.384615 0.115385 0.110577
1 0.638221 0.341346 0.088942 0.110577
1 0.651442 0.239183 0.086538 0.161058
1 0.639423 0.290865 0.081731 0.091346
1 0.610577 0.139423 0.091346 0.100962
1 0.716346 0.108173 0.105769 0.115385
1 0.805288 0.116587 0.100962 0.098558
1 0.776442 0.320913 0.091346 0.108173
1 0.854567 0.281250 0.127404 0.182692
1 0.831731 0.463942 0.091346 0.153846
1 0.806490 0.633413 0.108173 0.112981
1 0.457933 0.944712 0.108173 0.110577
1 0.466346 0.935096 0.105769 0.076923
1 0.700721 0.808894 0.093750 0.117788
1 0.740385 0.788462 0.086538 0.120192
1 0.777644 0.861779 0.103365 0.127404
1 0.862981 0.832933 0.110577 0.127404
1 0.891827 0.695913 0.115385 0.175481
1 0.968750 0.593750 0.062500 0.139423
1 0.961538 0.438702 0.076923 0.127404
1 0.955529 0.258413 0.088942 0.093750
1 0.923077 0.157452 0.105769 0.151442
1 0.944712 0.195913 0.096154 0.127404
1 0.971154 0.179087 0.057692 0.122596
1 0.893029 0.061298 0.108173 0.074519
1 0.853365 0.024038 0.081731 0.043269
1 0.772837 0.933894 0.088942 0.132212
1 0.650240 0.947115 0.112981 0.105769
1 0.944712 0.962740 0.110577 0.074519
1 0.912260 0.498798 0.098558 0.132212
1 0.891827 0.401442 0.105769 0.168269
1 0.177885 0.115385 0.115385 0.100962
1 0.975962 0.727163 0.048077 0.175481
1 0.393029 0.164663 0.088942 0.093750
