1 0.475962 0.222356 0.096154 0.098558
1 0.751202 0.194712 0.088942 0.100962
1 0.606971 0.296875 0.117788 0.117788
1 0.694712 0.337740 0.086538 0.112981
1 0.782452 0.502404 0.084135 0.144231
1 0.691106 0.555288 0.084135 0.100962
1 0.354567 0.194712 0.108173 0.134615
1 0.701923 0.774038 0.100962 0.134615
1 0.824519 0.778846 0.076923 0.144231
1 0.971154 0.254808 0.057692 0.096154
1 0.573317 0.564904 0.079327 0.134615
1 0.512019 0.676683 0.076923 0.161058
1 0.472356 0.516827 0.093750 0.096154
1 0.472356 0.308894 0.093750 0.127404
1 0.209135 0.253606 0.134615 0.156250
1 0.165865 0.350962 0.129808 0.120192
