1 0.439904 0.209135 0.163462 0.365385
1 0.679087 0.377404 0.300481 0.250000
1 0.831731 0.611779 0.125000 0.141827
1 0.631010 0.665865 0.093750 0.158654
1 0.742788 0.728365 0.158654 0.168269
1 0.963942 0.644231 0.072115 0.182692
1 0.506010 0.820913 0.199519 0.213942
1 0.114183 0.796875 0.103365 0.189904
1 0.177885 0.894231 0.177885 0.211538
1 0.240385 0.740385 0.081731 0.120192
1 0.421875 0.646635 0.079327 0.105769
1 0.337740 0.671875 0.079327 0.108173
1 0.365385 0.847356 0.110577 0.161058
1 0.383413 0.748798 0.098558 0.093750
1 0.555288 0.750000 0.105769 0.163462
1 0.811298 0.689904 0.132212 0.120192
1 0.240385 0.663462 0.086538 0.096154
