1 0.316106 0.259615 0.093750 0.105769
1 0.478365 0.164663 0.086538 0.093750
1 0.652644 0.176683 0.074519 0.069712
1 0.740385 0.319712 0.086538 0.072115
1 0.825721 0.471154 0.079327 0.076923
1 0.532452 0.348558 0.069712 0.057692
1 0.455529 0.343750 0.064904 0.086538
1 0.257212 0.423077 0.081731 0.081731
1 0.246394 0.343750 0.093750 0.067308
1 0.129808 0.312500 0.100962 0.076923
1 0.037260 0.413462 0.069712 0.086538
1 0.679087 0.210337 0.103365 0.084135
1 0.748798 0.401442 0.117788 0.125000
1 0.153846 0.385817 0.100962 0.084135
1 0.108173 0.396635 0.096154 0.110577
