1 0.674279 0.325721 0.088942 0.055288
1 0.698317 0.399038 0.084135 0.081731
1 0.896635 0.306490 0.081731 0.108173
1 0.820913 0.201923 0.084135 0.086538
1 0.493990 0.231971 0.098558 0.060096
1 0.433894 0.153846 0.093750 0.081731
1 0.320913 0.072115 0.093750 0.086538
1 0.394231 0.578125 0.076923 0.069712
1 0.900240 0.618990 0.088942 0.117788
1 0.516827 0.406250 0.105769 0.086538
1 0.318510 0.182692 0.074519 0.091346
1 0.257212 0.164663 0.067308 0.084135
1 0.281250 0.390625 0.115385 0.103365
1 0.324519 0.342548 0.096154 0.098558
1 0.539663 0.735577 0.093750 0.115385
1 0.712740 0.754808 0.088942 0.086538
1 0.753606 0.651442 0.079327 0.091346
1 0.752404 0.570913 0.125000 0.084135
1 0.479567 0.489183 0.079327 0.084135
1 0.382212 0.467548 0.115385 0.088942
1 0.506010 0.063702 0.117788 0.098558
1 0.270433 0.246394 0.088942 0.064904
1 0.213942 0.288462 0.076923 0.067308
1 0.218750 0.536058 0.076923 0.072115
1 0.222356 0.592548 0.069712 0.060096
1 0.628606 0.602163 0.088942 0.074519
1 0.618990 0.667067 0.069712 0.069712
1 0.617788 0.750000 0.067308 0.086538
1 0.469952 0.783654 0.103365 0.086538
1 0.471154 0.871394 0.067308 0.079327
1 0.530048 0.902644 0.031250 0.060096
1 0.655048 0.840144 0.088942 0.108173
1 0.703125 0.864183 0.093750 0.103365
1 0.293269 0.671875 0.105769 0.098558
1 0.259615 0.718750 0.081731 0.076923
1 0.200721 0.764423 0.137019 0.134615
1 0.311298 0.792067 0.108173 0.127404
1 0.346154 0.808894 0.072115 0.108173
