1 0.445913 0.192308 0.045673 0.105769
1 0.723558 0.060096 0.091346 0.105769
1 0.615385 0.253606 0.028846 0.098558
1 0.656250 0.266827 0.033654 0.086538
1 0.756010 0.195913 0.026442 0.064904
1 0.621394 0.445913 0.036058 0.079327
1 0.609375 0.516827 0.040865 0.062500
1 0.514423 0.480769 0.028846 0.062500
1 0.456731 0.741587 0.028846 0.088942
1 0.495192 0.920673 0.067308 0.144231
1 0.253606 0.822115 0.064904 0.081731
1 0.175481 0.663462 0.033654 0.105769
1 0.093750 0.639423 0.033654 0.100962
1 0.034856 0.616587 0.045673 0.098558
1 0.270433 0.695913 0.031250 0.108173
1 0.302885 0.699519 0.019231 0.091346
1 0.388221 0.728365 0.031250 0.086538
1 0.539663 0.745192 0.031250 0.105769
1 0.574519 0.745192 0.024038 0.096154
1 0.240385 0.368990 0.134615 0.112981
1 0.352163 0.344952 0.112981 0.151442
1 0.445913 0.366587 0.088942 0.103365
1 0.389423 0.462740 0.144231 0.112981
1 0.459135 0.549279 0.043269 0.074519
1 0.631010 0.604567 0.036058 0.103365
1 0.343750 0.721154 0.028846 0.105769
1 0.501202 0.651442 0.074519 0.096154
1 0.748798 0.548077 0.026442 0.062500
1 0.679087 0.479567 0.069712 0.108173
1 0.653846 0.727163 0.019231 0.064904
1 0.632212 0.736779 0.028846 0.079327
1 0.615385 0.739183 0.024038 0.108173
1 0.599760 0.740385 0.026442 0.096154
1 0.412260 0.727163 0.031250 0.117788
1 0.736779 0.621394 0.040865 0.093750
1 0.552885 0.496394 0.038462 0.088942
1 0.508413 0.546875 0.060096 0.088942
1 0.573317 0.568510 0.016827 0.084135
1 0.713942 0.250000 0.033654 0.081731
1 0.723558 0.332933 0.033654 0.098558
1 0.789663 0.560096 0.031250 0.062500
1 0.960337 0.545673 0.045673 0.062500
1 0.987981 0.545673 0.024038 0.062500
1 0.923077 0.555288 0.033654 0.067308
1 0.320913 0.707933 0.031250 0.088942
1 0.901442 0.573317 0.019231 0.084135
