1 0.397837 0.391827 0.088942 0.125000
1 0.543269 0.311298 0.096154 0.137019
1 0.706731 0.300481 0.091346 0.115385
1 0.931490 0.276442 0.137019 0.105769
1 0.929087 0.414663 0.122596 0.122596
1 0.632212 0.377404 0.096154 0.158654
1 0.685096 0.365385 0.086538 0.110577
1 0.649038 0.524038 0.100962 0.100962
1 0.507212 0.415865 0.081731 0.110577
1 0.540865 0.483173 0.052885 0.105769
1 0.518029 0.572115 0.074519 0.110577
1 0.370192 0.567308 0.072115 0.115385
1 0.308894 0.580529 0.060096 0.117788
1 0.284856 0.625000 0.064904 0.139423
1 0.256010 0.561298 0.060096 0.141827
1 0.250000 0.437500 0.076923 0.139423
1 0.314904 0.414663 0.076923 0.088942
1 0.348558 0.407452 0.057692 0.093750
1 0.187500 0.384615 0.100962 0.134615
1 0.112981 0.432692 0.048077 0.168269
1 0.055288 0.390625 0.067308 0.108173
1 0.021635 0.388221 0.038462 0.161058
1 0.022837 0.493990 0.040865 0.108173
1 0.052885 0.765625 0.100962 0.112981
1 0.109375 0.789663 0.050481 0.093750
1 0.253606 0.784856 0.074519 0.093750
1 0.695913 0.713942 0.079327 0.076923
1 0.937500 0.604567 0.125000 0.084135
1 0.927885 0.870192 0.067308 0.105769
1 0.854567 0.768029 0.069712 0.084135
1 0.781250 0.688702 0.067308 0.069712
1 0.843750 0.653846 0.057692 0.081731
1 0.623798 0.772837 0.045673 0.088942
1 0.525240 0.784856 0.040865 0.084135
1 0.659856 0.899038 0.055288 0.067308
1 0.765625 0.818510 0.069712 0.093750
1 0.707933 0.860577 0.045673 0.076923
1 0.552885 0.941106 0.057692 0.084135
1 0.474760 0.855769 0.060096 0.076923
1 0.419471 0.877404 0.069712 0.062500
1 0.365385 0.906250 0.052885 0.062500
1 0.317308 0.932692 0.057692 0.072115
1 0.260817 0.951923 0.079327 0.072115
