1 0.224760 0.138221 0.088942 0.060096
1 0.705529 0.268029 0.112981 0.103365
1 0.961538 0.385817 0.076923 0.088942
1 0.409856 0.536058 0.108173 0.076923
1 0.664663 0.817308 0.103365 0.067308
1 0.495192 0.794471 0.062500 0.060096
1 0.491587 0.685096 0.060096 0.057692
1 0.177885 0.751202 0.048077 0.045673
1 0.441106 0.906250 0.060096 0.048077
1 0.378606 0.954327 0.064904 0.043269
1 0.423077 0.145433 0.057692 0.064904
1 0.465144 0.234375 0.040865 0.055288
1 0.292067 0.754808 0.040865 0.048077
1 0.344952 0.572115 0.036058 0.057692
