1 0.433894 0.375000 0.079327 0.269231
1 0.169471 0.165865 0.314904 0.230769
1 0.661058 0.373798 0.100962 0.108173
1 0.790865 0.252404 0.144231 0.173077
1 0.680288 0.709135 0.105769 0.129808
1 0.556490 0.719952 0.084135 0.112981
1 0.520433 0.675481 0.069712 0.096154
1 0.408654 0.722356 0.062500 0.132212
1 0.185096 0.707933 0.072115 0.122596
1 0.350962 0.414663 0.081731 0.180288
1 0.109375 0.631010 0.045673 0.117788
1 0.533654 0.536058 0.043269 0.081731
1 0.722356 0.558894 0.064904 0.084135
1 0.637019 0.513221 0.048077 0.093750
1 0.432692 0.528846 0.033654 0.076923
1 0.605769 0.231971 0.211538 0.165865
1 0.062500 0.721154 0.091346 0.163462
1 0.727163 0.650240 0.040865 0.098558
1 0.457933 0.626202 0.055288 0.098558
1 0.506010 0.622596 0.045673 0.072115
1 0.888221 0.348558 0.093750 0.168269
1 0.901442 0.474760 0.129808 0.194712
1 0.138221 0.281250 0.262019 0.091346
1 0.243990 0.675481 0.088942 0.076923
1 0.859375 0.614183 0.079327 0.112981
1 0.801683 0.569712 0.045673 0.086538
1 0.693510 0.508413 0.026442 0.074519
1 0.603365 0.647837 0.062500 0.069712
1 0.270433 0.546875 0.098558 0.127404
1 0.037260 0.646635 0.069712 0.110577
1 0.335337 0.676683 0.084135 0.112981
1 0.344952 0.575721 0.055288 0.045673
1 0.608173 0.574519 0.062500 0.086538
1 0.846154 0.519231 0.052885 0.081731
1 0.588942 0.643029 0.038462 0.098558
