1 0.510817 0.453125 0.141827 0.156250
1 0.175481 0.343750 0.168269 0.245192
1 0.317308 0.206731 0.134615 0.235577
1 0.783654 0.725962 0.105769 0.192308
1 0.829327 0.574519 0.076923 0.163462
1 0.310096 0.866587 0.105769 0.165865
1 0.234375 0.750000 0.055288 0.110577
1 0.111779 0.566106 0.088942 0.088942
1 0.221154 0.564904 0.091346 0.225962
1 0.346154 0.582933 0.086538 0.218750
1 0.382212 0.752404 0.149038 0.235577
1 0.153846 0.866587 0.129808 0.165865
1 0.760817 0.456731 0.146635 0.173077
1 0.925481 0.512019 0.110577 0.153846
1 0.393029 0.179087 0.103365 0.209135
1 0.056490 0.605769 0.064904 0.120192
