1 0.204327 0.312500 0.149038 0.230769
1 0.507212 0.453125 0.129808 0.151442
1 0.876202 0.551683 0.137019 0.165865
1 0.818510 0.385817 0.137019 0.151442
1 0.171875 0.524038 0.132212 0.269231
1 0.409856 0.658654 0.098558 0.192308
1 0.717548 0.342548 0.098558 0.161058
1 0.504808 0.908654 0.129808 0.134615
1 0.550481 0.786058 0.139423 0.158654
1 0.389423 0.849760 0.067308 0.117788
1 0.269231 0.694712 0.158654 0.192308
1 0.189904 0.745192 0.076923 0.100962
1 0.164663 0.949519 0.161058 0.100962
1 0.873798 0.299279 0.151442 0.165865
1 0.242788 0.277644 0.120192 0.213942
1 0.159856 0.801683 0.103365 0.103365
