1 0.141827 0.157452 0.091346 0.103365
1 0.218750 0.240385 0.096154 0.062500
1 0.639423 0.484375 0.100962 0.117788
1 0.830529 0.420673 0.088942 0.149038
1 0.829327 0.223558 0.091346 0.158654
1 0.750000 0.288462 0.091346 0.086538
1 0.585337 0.664663 0.098558 0.098558
1 0.230769 0.429087 0.110577 0.146635
1 0.341346 0.441106 0.086538 0.088942
1 0.329327 0.661058 0.086538 0.086538
1 0.912260 0.659856 0.098558 0.151442
1 0.661058 0.088942 0.096154 0.062500
1 0.762019 0.078125 0.086538 0.069712
1 0.550481 0.395433 0.067308 0.141827
1 0.135817 0.370192 0.088942 0.048077
1 0.120192 0.411058 0.105769 0.052885
1 0.187500 0.296875 0.105769 0.108173
1 0.237981 0.558894 0.120192 0.093750
1 0.225962 0.641827 0.120192 0.100962
1 0.350962 0.725962 0.091346 0.076923
1 0.391827 0.842548 0.062500 0.189904
1 0.445913 0.800481 0.098558 0.149038
1 0.449519 0.711538 0.100962 0.072115
1 0.461538 0.643029 0.086538 0.170673
1 0.408654 0.611779 0.086538 0.127404
1 0.326923 0.575721 0.072115 0.064904
1 0.366587 0.560096 0.060096 0.057692
1 0.399038 0.527644 0.105769 0.098558
1 0.611779 0.835337 0.103365 0.117788
1 0.556490 0.868990 0.084135 0.122596
1 0.483173 0.943510 0.086538 0.112981
1 0.519231 0.923077 0.086538 0.067308
1 0.628606 0.888221 0.093750 0.103365
1 0.745192 0.781250 0.100962 0.144231
1 0.777644 0.754808 0.069712 0.081731
1 0.820913 0.826923 0.122596 0.129808
1 0.902644 0.783654 0.117788 0.110577
1 0.818510 0.921875 0.064904 0.093750
1 0.884615 0.902644 0.100962 0.098558
1 0.658654 0.570913 0.115385 0.084135
1 0.669471 0.626202 0.117788 0.064904
1 0.525240 0.604567 0.093750 0.137019
1 0.495192 0.504808 0.125000 0.081731
1 0.427885 0.393029 0.091346 0.161058
1 0.389423 0.346154 0.072115 0.081731
1 0.462740 0.287260 0.108173 0.175481
1 0.429087 0.167067 0.079327 0.050481
1 0.442308 0.112981 0.076923 0.057692
1 0.456731 0.063702 0.091346 0.064904
1 0.568510 0.126202 0.108173 0.084135
1 0.548077 0.259615 0.100962 0.120192
1 0.655048 0.389423 0.103365 0.052885
1 0.621394 0.274038 0.117788 0.081731
1 0.625000 0.211538 0.091346 0.125000
1 0.620192 0.320913 0.105769 0.098558
1 0.600962 0.349760 0.081731 0.050481
1 0.959135 0.390625 0.081731 0.093750
1 0.881010 0.360577 0.103365 0.187500
1 0.909856 0.454327 0.108173 0.125000
1 0.823317 0.593750 0.079327 0.091346
1 0.877404 0.564904 0.105769 0.125000
1 0.966346 0.537260 0.067308 0.074519
1 0.936298 0.216346 0.098558 0.086538
1 0.905048 0.134615 0.108173 0.072115
1 0.878606 0.097356 0.088942 0.117788
1 0.831731 0.025240 0.125000 0.045673
1 0.509615 0.175481 0.105769 0.125000
1 0.355769 0.185096 0.096154 0.096154
1 0.395433 0.051683 0.093750 0.098558
1 0.629808 0.040865 0.096154 0.048077
1 0.252404 0.127404 0.062500 0.038462
1 0.278846 0.164663 0.076923 0.055288
1 0.296875 0.068510 0.112981 0.103365
1 0.722356 0.932692 0.098558 0.100962
1 0.502404 0.503606 0.110577 0.064904
