1 0.775240 0.061298 0.084135 0.108173
1 0.907452 0.076923 0.084135 0.072115
1 0.896635 0.152644 0.076923 0.088942
1 0.780048 0.204327 0.093750 0.091346
1 0.802885 0.269231 0.072115 0.096154
1 0.888221 0.325721 0.098558 0.079327
1 0.629808 0.219952 0.067308 0.088942
1 0.573317 0.372596 0.074519 0.096154
1 0.525240 0.554087 0.108173 0.088942
1 0.334135 0.566106 0.076923 0.103365
1 0.175481 0.493990 0.076923 0.103365
1 0.213942 0.540865 0.076923 0.091346
1 0.168269 0.639423 0.076923 0.062500
1 0.324519 0.679087 0.076923 0.084135
1 0.413462 0.615385 0.076923 0.105769
1 0.394231 0.737981 0.072115 0.096154
1 0.618990 0.699519 0.098558 0.086538
1 0.076923 0.664663 0.086538 0.074519
1 0.118990 0.484375 0.079327 0.093750
1 0.442308 0.420673 0.067308 0.081731
1 0.271635 0.748798 0.072115 0.055288
1 0.194712 0.777644 0.081731 0.117788
1 0.747596 0.522837 0.062500 0.093750
1 0.893029 0.557692 0.084135 0.072115
1 0.659856 0.448317 0.079327 0.064904
1 0.746394 0.360577 0.040865 0.048077
1 0.698317 0.308894 0.045673 0.060096
1 0.655048 0.317308 0.064904 0.081731
1 0.801683 0.716346 0.079327 0.086538
1 0.799279 0.474760 0.069712 0.098558
1 0.873798 0.478365 0.084135 0.110577
1 0.492788 0.626202 0.100962 0.084135
1 0.484375 0.711538 0.088942 0.120192
1 0.644231 0.623798 0.076923 0.093750
1 0.600962 0.560096 0.076923 0.134615
1 0.450721 0.503606 0.088942 0.074519
1 0.479567 0.450721 0.093750 0.064904
1 0.491587 0.399038 0.050481 0.081731
1 0.507212 0.317308 0.062500 0.081731
1 0.531250 0.269231 0.067308 0.048077
1 0.538462 0.221154 0.067308 0.057692
1 0.703125 0.391827 0.055288 0.081731
