1 0.349760 0.400240 0.132212 0.141827
1 0.143029 0.617788 0.112981 0.158654
1 0.259615 0.669471 0.120192 0.117788
1 0.364183 0.633413 0.112981 0.132212
1 0.474760 0.629808 0.112981 0.168269
1 0.299279 0.534856 0.122596 0.084135
1 0.754808 0.389423 0.129808 0.096154
1 0.847356 0.397837 0.141827 0.185096
1 0.802885 0.459135 0.125000 0.067308
1 0.907452 0.495192 0.132212 0.076923
1 0.563702 0.412260 0.117788 0.093750
1 0.623798 0.576923 0.175481 0.149038
1 0.579327 0.514423 0.129808 0.110577
1 0.653846 0.573317 0.110577 0.112981
