1 0.376202 0.198317 0.180288 0.266827
1 0.792067 0.200721 0.204327 0.189904
1 0.383413 0.537260 0.262019 0.367788
1 0.105769 0.649038 0.158654 0.283654
1 0.193510 0.850962 0.141827 0.134615
1 0.957933 0.578125 0.084135 0.170673
1 0.848558 0.603365 0.076923 0.168269
1 0.778846 0.634615 0.110577 0.149038
1 0.683894 0.657452 0.088942 0.156250
1 0.610577 0.712740 0.096154 0.117788
1 0.551683 0.721154 0.084135 0.158654
1 0.118990 0.382212 0.233173 0.110577
1 0.443510 0.739183 0.088942 0.132212
1 0.500000 0.836538 0.375000 0.307692
1 0.352163 0.789663 0.103365 0.180288
1 0.632212 0.647837 0.067308 0.122596
