1 0.509615 0.330529 0.076923 0.132212
1 0.647837 0.331731 0.127404 0.110577
1 0.735577 0.259615 0.105769 0.105769
1 0.840144 0.248798 0.112981 0.127404
1 0.266827 0.384615 0.072115 0.110577
1 0.126202 0.421875 0.084135 0.098558
1 0.429087 0.390625 0.064904 0.103365
1 0.520433 0.485577 0.117788 0.129808
1 0.368990 0.603365 0.127404 0.096154
1 0.156250 0.550481 0.158654 0.139423
1 0.694712 0.528846 0.149038 0.091346
1 0.700721 0.612981 0.127404 0.096154
1 0.411058 0.723558 0.096154 0.110577
1 0.604567 0.770433 0.093750 0.084135
1 0.872596 0.484375 0.110577 0.093750
1 0.509615 0.618990 0.139423 0.132212
1 0.579327 0.501202 0.110577 0.117788
1 0.317308 0.462740 0.110577 0.103365
1 0.843750 0.375000 0.149038 0.115385
1 0.950721 0.509615 0.098558 0.125000
1 0.762019 0.731971 0.149038 0.146635
1 0.192308 0.925481 0.115385 0.110577
