1 0.728365 0.425481 0.086538 0.120192
1 0.644231 0.283654 0.120192 0.144231
1 0.286058 0.084135 0.173077 0.163462
1 0.414663 0.242788 0.055288 0.168269
1 0.306490 0.281250 0.098558 0.105769
1 0.534856 0.635817 0.093750 0.108173
1 0.819712 0.639423 0.100962 0.120192
1 0.783654 0.806490 0.096154 0.151442
1 0.637019 0.789663 0.062500 0.122596
1 0.591346 0.703125 0.062500 0.122596
1 0.644231 0.625000 0.081731 0.115385
1 0.685096 0.506010 0.120192 0.098558
1 0.588942 0.358173 0.105769 0.086538
1 0.519231 0.455529 0.076923 0.079327
1 0.383413 0.429087 0.055288 0.088942
1 0.312500 0.371394 0.139423 0.108173
1 0.277644 0.406250 0.098558 0.120192
1 0.484375 0.227163 0.117788 0.228365
1 0.435096 0.330529 0.062500 0.122596
1 0.471154 0.365385 0.096154 0.105769
1 0.718750 0.664663 0.081731 0.165865
