1 0.905048 0.373798 0.093750 0.151442
1 0.820913 0.558894 0.088942 0.127404
1 0.620192 0.532452 0.076923 0.122596
1 0.512019 0.687500 0.076923 0.091346
1 0.381010 0.378606 0.074519 0.103365
1 0.753606 0.716346 0.064904 0.081731
1 0.751202 0.923077 0.074519 0.096154
1 0.264423 0.574519 0.081731 0.091346
1 0.585337 0.424279 0.069712 0.117788
1 0.813702 0.413462 0.074519 0.105769
1 0.909856 0.228365 0.064904 0.081731
1 0.812500 0.191106 0.081731 0.064904
1 0.473558 0.594952 0.091346 0.151442
1 0.353365 0.147837 0.076923 0.079327
1 0.278846 0.329327 0.091346 0.115385
1 0.926683 0.728365 0.069712 0.100962
1 0.889423 0.878606 0.086538 0.127404
1 0.804087 0.794471 0.122596 0.170673
1 0.822115 0.695913 0.091346 0.146635
1 0.911058 0.526442 0.105769 0.173077
1 0.900240 0.611779 0.098558 0.137019
1 0.796875 0.123798 0.093750 0.084135
1 0.713942 0.189904 0.081731 0.096154
1 0.569712 0.165865 0.086538 0.081731
1 0.211538 0.230769 0.081731 0.057692
1 0.203125 0.266827 0.079327 0.067308
1 0.228365 0.441106 0.096154 0.084135
1 0.207933 0.508413 0.103365 0.103365
1 0.276442 0.646635 0.086538 0.072115
1 0.269231 0.760817 0.115385 0.156250
1 0.329327 0.753606 0.100962 0.122596
1 0.292067 0.748798 0.074519 0.103365
1 0.364183 0.688702 0.079327 0.103365
1 0.409856 0.621394 0.098558 0.161058
1 0.399038 0.490385 0.091346 0.091346
1 0.313702 0.489183 0.040865 0.060096
1 0.350962 0.490385 0.038462 0.057692
1 0.381010 0.555288 0.108173 0.086538
1 0.287260 0.194712 0.084135 0.125000
1 0.314904 0.039663 0.076923 0.074519
1 0.593750 0.042067 0.129808 0.079327
1 0.490385 0.145433 0.096154 0.098558
1 0.621394 0.115385 0.079327 0.100962
1 0.530048 0.288462 0.112981 0.163462
1 0.450721 0.301683 0.069712 0.069712
1 0.466346 0.361779 0.134615 0.156250
1 0.670673 0.930288 0.086538 0.115385
1 0.587740 0.855769 0.108173 0.120192
1 0.461538 0.836538 0.105769 0.096154
1 0.609375 0.638221 0.079327 0.088942
1 0.608173 0.679087 0.096154 0.084135
1 0.311298 0.911058 0.084135 0.115385
1 0.332933 0.894231 0.079327 0.091346
1 0.421875 0.955529 0.088942 0.084135
1 0.451923 0.911058 0.091346 0.081731
1 0.677885 0.379808 0.076923 0.120192
1 0.717548 0.275240 0.084135 0.103365
1 0.486779 0.495192 0.112981 0.115385
1 0.643029 0.276442 0.093750 0.120192
1 0.643029 0.846154 0.064904 0.076923
1 0.969952 0.582933 0.060096 0.088942
