1 0.891827 0.368990 0.100962 0.137019
1 0.789663 0.350962 0.069712 0.129808
1 0.699519 0.390625 0.100962 0.137019
1 0.566106 0.342548 0.074519 0.122596
1 0.308894 0.316106 0.108173 0.103365
1 0.168269 0.305288 0.081731 0.120192
1 0.461538 0.385817 0.096154 0.108173
1 0.338942 0.551683 0.115385 0.137019
1 0.467548 0.629808 0.098558 0.120192
1 0.861779 0.602163 0.098558 0.088942
1 0.662260 0.585337 0.132212 0.117788
1 0.158654 0.430288 0.110577 0.144231
1 0.854567 0.498798 0.098558 0.132212
1 0.504808 0.792067 0.076923 0.103365
1 0.650240 0.818510 0.132212 0.146635
1 0.329327 0.663462 0.120192 0.125000
1 0.074519 0.794471 0.144231 0.132212
1 0.330529 0.417067 0.093750 0.117788
1 0.564904 0.504808 0.110577 0.153846
1 0.665865 0.676683 0.144231 0.137019
1 0.936298 0.652644 0.093750 0.108173
1 0.141827 0.915865 0.105769 0.081731
