1 0.091346 0.289663 0.096154 0.262019
1 0.335337 0.230769 0.098558 0.274038
1 0.462740 0.176683 0.122596 0.290865
1 0.689904 0.122596 0.081731 0.235577
1 0.855769 0.096154 0.081731 0.187500
1 0.181490 0.814904 0.098558 0.264423
1 0.283654 0.754808 0.105769 0.235577
1 0.394231 0.725962 0.086538 0.201923
1 0.509615 0.717548 0.072115 0.247596
1 0.679087 0.656250 0.088942 0.235577
1 0.778846 0.615385 0.096154 0.225962
1 0.899038 0.594952 0.076923 0.266827
1 0.967548 0.532452 0.064904 0.223558
1 0.894231 0.762019 0.100962 0.254808
1 0.765625 0.806490 0.093750 0.218750
1 0.618990 0.841346 0.098558 0.259615
1 0.331731 0.908654 0.110577 0.182692
1 0.426683 0.894231 0.103365 0.201923
