1 0.468750 0.185096 0.091346 0.274038
1 0.599760 0.185096 0.055288 0.317308
1 0.820913 0.224760 0.088942 0.262019
1 0.222356 0.139423 0.088942 0.269231
1 0.092548 0.121394 0.055288 0.237981
1 0.073317 0.651442 0.064904 0.283654
1 0.186298 0.638221 0.064904 0.247596
1 0.318510 0.676683 0.074519 0.237981
1 0.421875 0.689904 0.074519 0.254808
1 0.608173 0.711538 0.067308 0.264423
1 0.721154 0.709135 0.057692 0.254808
1 0.830529 0.742788 0.069712 0.283654
1 0.918269 0.730769 0.081731 0.269231
1 0.175481 0.847356 0.086538 0.233173
1 0.275240 0.862981 0.108173 0.201923
1 0.465144 0.862981 0.069712 0.250000
1 0.615385 0.885817 0.072115 0.228365
1 0.747596 0.873798 0.072115 0.242788
1 0.969952 0.245192 0.060096 0.274038
