1 0.564904 0.069712 0.048077 0.105769
1 0.616587 0.396635 0.079327 0.067308
1 0.667067 0.366587 0.064904 0.064904
1 0.850962 0.429087 0.062500 0.074519
1 0.954327 0.460337 0.043269 0.074519
1 0.691106 0.627404 0.040865 0.062500
1 0.480769 0.453125 0.052885 0.069712
1 0.426683 0.467548 0.055288 0.060096
1 0.395433 0.477163 0.045673 0.079327
1 0.280048 0.480769 0.036058 0.105769
1 0.242788 0.498798 0.048077 0.088942
1 0.182692 0.516827 0.067308 0.052885
1 0.096154 0.590144 0.048077 0.074519
1 0.036058 0.581731 0.062500 0.072115
1 0.379808 0.721154 0.033654 0.096154
1 0.427885 0.694712 0.033654 0.076923
1 0.735577 0.403846 0.091346 0.067308
