1 0.396635 0.409856 0.129808 0.151442
1 0.324519 0.775240 0.086538 0.204327
1 0.534856 0.712740 0.088942 0.194712
1 0.830529 0.638221 0.127404 0.228365
1 0.170673 0.740385 0.120192 0.341346
1 0.079327 0.463942 0.120192 0.158654
1 0.215144 0.481971 0.141827 0.387019
1 0.593750 0.117788 0.163462 0.158654
1 0.294471 0.122596 0.161058 0.163462
1 0.856971 0.298077 0.112981 0.168269
1 0.518029 0.335337 0.161058 0.271635
1 0.632212 0.443510 0.081731 0.382212
1 0.729567 0.110577 0.112981 0.192308
1 0.050481 0.217548 0.081731 0.151442
1 0.591346 0.739183 0.091346 0.117788
1 0.484375 0.757212 0.074519 0.139423
1 0.233173 0.375000 0.120192 0.326923
