1 0.484375 0.406250 0.300481 0.100962
1 0.706731 0.448317 0.182692 0.088942
1 0.497596 0.286058 0.153846 0.100962
1 0.659856 0.236779 0.170673 0.093750
1 0.593750 0.131010 0.173077 0.064904
1 0.753606 0.092548 0.204327 0.093750
1 0.203125 0.466346 0.170673 0.062500
1 0.187500 0.593750 0.168269 0.076923
1 0.098558 0.747596 0.139423 0.048077
1 0.355769 0.727163 0.139423 0.055288
1 0.568510 0.667067 0.165865 0.074519
1 0.519231 0.707933 0.230769 0.141827
1 0.652644 0.569712 0.209135 0.038462
1 0.759615 0.704327 0.134615 0.062500
