1 0.278846 0.114183 0.269231 0.223558
1 0.395433 0.381010 0.117788 0.180288
1 0.462740 0.371394 0.060096 0.295673
1 0.679087 0.272837 0.180288 0.209135
1 0.688702 0.417067 0.194712 0.127404
1 0.854567 0.343750 0.137019 0.168269
1 0.349760 0.704327 0.069712 0.144231
1 0.473558 0.614183 0.033654 0.108173
1 0.425481 0.610577 0.062500 0.115385
1 0.525240 0.551683 0.050481 0.093750
1 0.683894 0.695913 0.074519 0.117788
1 0.622596 0.743990 0.076923 0.127404
1 0.503606 0.713942 0.098558 0.100962
1 0.131010 0.612981 0.088942 0.115385
1 0.812500 0.705529 0.086538 0.127404
1 0.699519 0.614183 0.062500 0.079327
1 0.908654 0.567308 0.096154 0.177885
1 0.039663 0.570913 0.074519 0.137019
1 0.206731 0.194712 0.259615 0.129808
1 0.899038 0.436298 0.129808 0.175481
1 0.584135 0.596154 0.062500 0.072115
1 0.424279 0.501202 0.040865 0.074519
1 0.204327 0.611779 0.096154 0.074519
1 0.278846 0.487981 0.110577 0.129808
1 0.036058 0.520433 0.052885 0.060096
1 0.096154 0.520433 0.062500 0.122596
1 0.467548 0.610577 0.069712 0.091346
1 0.634615 0.548077 0.052885 0.081731
1 0.662260 0.540865 0.040865 0.072115
1 0.687500 0.558894 0.062500 0.069712
1 0.568510 0.668269 0.055288 0.072115
