1 0.340144 0.159856 0.117788 0.156250
1 0.521635 0.206731 0.250000 0.168269
1 0.885817 0.381010 0.228365 0.262019
1 0.556490 0.546875 0.050481 0.088942
1 0.448317 0.516827 0.050481 0.086538
1 0.609375 0.412260 0.189904 0.257212
1 0.676683 0.629808 0.103365 0.144231
1 0.709135 0.810096 0.062500 0.120192
1 0.807692 0.769231 0.105769 0.115385
1 0.808894 0.872596 0.055288 0.163462
1 0.500000 0.735577 0.081731 0.149038
1 0.390625 0.649038 0.055288 0.129808
1 0.359375 0.661058 0.074519 0.158654
1 0.246394 0.627404 0.093750 0.129808
1 0.234375 0.549279 0.064904 0.112981
1 0.264423 0.459135 0.057692 0.086538
1 0.314904 0.438702 0.043269 0.088942
1 0.346154 0.438702 0.033654 0.084135
1 0.367788 0.457933 0.052885 0.084135
1 0.362981 0.533654 0.067308 0.096154
1 0.445913 0.611779 0.040865 0.103365
1 0.480769 0.637019 0.072115 0.086538
1 0.590144 0.649038 0.103365 0.115385
1 0.576923 0.743990 0.067308 0.093750
1 0.604567 0.637019 0.040865 0.072115
1 0.162260 0.311298 0.146635 0.170673
1 0.199519 0.221154 0.144231 0.158654
1 0.195913 0.436298 0.040865 0.088942
1 0.646635 0.766827 0.091346 0.086538
1 0.444712 0.307692 0.177885 0.197115
1 0.674279 0.460337 0.137019 0.170673
1 0.853365 0.824519 0.048077 0.100962
