1 0.123798 0.199519 0.146635 0.158654
1 0.221154 0.373798 0.115385 0.084135
1 0.318510 0.302885 0.093750 0.153846
1 0.527644 0.246394 0.132212 0.112981
1 0.680288 0.335337 0.134615 0.088942
1 0.862981 0.510817 0.125000 0.108173
1 0.897837 0.664663 0.137019 0.122596
1 0.679087 0.560096 0.098558 0.115385
1 0.600962 0.614183 0.129808 0.103365
1 0.670673 0.641827 0.038462 0.115385
1 0.760817 0.712740 0.084135 0.112981
1 0.659856 0.431490 0.103365 0.098558
1 0.540865 0.401442 0.052885 0.076923
1 0.508413 0.337740 0.060096 0.088942
1 0.378606 0.483173 0.079327 0.091346
1 0.278846 0.460337 0.139423 0.084135
1 0.367788 0.260817 0.149038 0.213942
1 0.377404 0.377404 0.072115 0.105769
1 0.492788 0.451923 0.072115 0.125000
1 0.762019 0.527644 0.096154 0.175481
1 0.269231 0.503606 0.096154 0.161058
