1 0.444712 0.353365 0.201923 0.134615
1 0.319712 0.259615 0.201923 0.086538
1 0.221154 0.185096 0.134615 0.139423
1 0.375000 0.544471 0.158654 0.117788
1 0.706731 0.594952 0.105769 0.098558
1 0.729567 0.519231 0.084135 0.076923
1 0.628606 0.563702 0.079327 0.079327
1 0.816106 0.491587 0.079327 0.098558
1 0.849760 0.626202 0.103365 0.103365
1 0.195913 0.097356 0.079327 0.069712
1 0.618990 0.748798 0.132212 0.165865
1 0.306490 0.700721 0.137019 0.180288
1 0.538462 0.560096 0.110577 0.105769
1 0.551683 0.361779 0.151442 0.141827
1 0.280048 0.382212 0.103365 0.192308
1 0.290865 0.165865 0.105769 0.100962
