1 0.203125 0.189904 0.204327 0.187500
1 0.421875 0.147837 0.189904 0.069712
1 0.671875 0.111779 0.117788 0.151442
1 0.375000 0.503606 0.129808 0.175481
1 0.585337 0.207933 0.117788 0.103365
1 0.546875 0.623798 0.146635 0.137019
1 0.490385 0.457933 0.086538 0.156250
1 0.786058 0.395433 0.149038 0.218750
1 0.616587 0.414663 0.127404 0.194712
1 0.800481 0.063702 0.057692 0.122596
1 0.895433 0.341346 0.151442 0.144231
1 0.125000 0.433894 0.120192 0.141827
1 0.235577 0.114183 0.149038 0.103365
1 0.139423 0.350962 0.125000 0.105769
