1 0.540865 0.078125 0.081731 0.079327
1 0.687500 0.093750 0.091346 0.086538
1 0.530048 0.252404 0.084135 0.052885
1 0.596154 0.286058 0.096154 0.091346
1 0.457933 0.419471 0.108173 0.074519
1 0.212740 0.149038 0.141827 0.129808
1 0.092548 0.283654 0.103365 0.076923
1 0.048077 0.187500 0.076923 0.086538
1 0.312500 0.299279 0.076923 0.055288
1 0.239183 0.271635 0.098558 0.081731
1 0.395433 0.552885 0.088942 0.125000
1 0.888221 0.319712 0.079327 0.129808
1 0.483173 0.503606 0.115385 0.079327
1 0.302885 0.707933 0.100962 0.064904
1 0.162260 0.377404 0.084135 0.091346
1 0.094952 0.400240 0.060096 0.074519
1 0.247596 0.570913 0.091346 0.112981
1 0.161058 0.463942 0.096154 0.048077
1 0.159856 0.532452 0.098558 0.060096
1 0.344952 0.756010 0.088942 0.069712
1 0.463942 0.629808 0.091346 0.076923
1 0.444712 0.774038 0.091346 0.086538
1 0.460337 0.826923 0.084135 0.091346
1 0.433894 0.890625 0.146635 0.088942
1 0.722356 0.669471 0.108173 0.146635
1 0.692308 0.551683 0.100962 0.055288
1 0.665865 0.475962 0.096154 0.081731
1 0.727163 0.397837 0.060096 0.093750
1 0.756010 0.385817 0.088942 0.064904
1 0.782452 0.461538 0.103365 0.076923
1 0.819712 0.554087 0.086538 0.088942
1 0.844952 0.628606 0.084135 0.074519
