1 0.199519 0.266827 0.182692 0.206731
1 0.368990 0.248798 0.242788 0.247596
1 0.770433 0.149038 0.223558 0.221154
1 0.562500 0.381010 0.076923 0.300481
1 0.627404 0.396635 0.115385 0.187500
1 0.728365 0.527644 0.105769 0.122596
1 0.901442 0.586538 0.076923 0.144231
1 0.951923 0.665865 0.096154 0.144231
1 0.966346 0.681490 0.067308 0.117788
1 0.949519 0.710337 0.100962 0.117788
1 0.830529 0.674279 0.108173 0.127404
1 0.471154 0.542067 0.067308 0.103365
1 0.569712 0.521635 0.052885 0.096154
1 0.514423 0.621394 0.067308 0.088942
1 0.551683 0.627404 0.079327 0.096154
1 0.460337 0.711538 0.103365 0.134615
1 0.480769 0.683894 0.086538 0.127404
1 0.427885 0.655048 0.067308 0.079327
1 0.449519 0.631010 0.052885 0.093750
1 0.400240 0.635817 0.064904 0.103365
1 0.341346 0.697115 0.125000 0.182692
1 0.294471 0.668269 0.060096 0.110577
1 0.274038 0.570913 0.067308 0.084135
1 0.305288 0.512019 0.062500 0.115385
1 0.335337 0.507212 0.045673 0.091346
1 0.364183 0.526442 0.050481 0.096154
1 0.210337 0.596154 0.069712 0.120192
1 0.092548 0.492788 0.161058 0.197115
1 0.106971 0.371394 0.141827 0.204327
1 0.066106 0.625000 0.084135 0.105769
1 0.152644 0.644231 0.074519 0.096154
1 0.665865 0.572115 0.057692 0.052885
1 0.610577 0.568510 0.067308 0.050481
1 0.611779 0.694712 0.079327 0.153846
1 0.764423 0.658654 0.105769 0.048077
1 0.683894 0.674279 0.079327 0.098558
1 0.143029 0.543269 0.060096 0.072115
