1 0.104567 0.471154 0.156250 0.235577
1 0.176683 0.649038 0.165865 0.177885
1 0.331731 0.725962 0.086538 0.115385
1 0.713942 0.800481 0.144231 0.230769
1 0.457933 0.370192 0.055288 0.163462
1 0.157452 0.247596 0.137019 0.134615
1 0.274038 0.323317 0.096154 0.387019
1 0.911058 0.276442 0.125000 0.211538
1 0.915865 0.527644 0.100962 0.170673
1 0.766827 0.230769 0.105769 0.177885
1 0.610577 0.360577 0.177885 0.307692
1 0.530048 0.090144 0.117788 0.165865
1 0.425481 0.683894 0.086538 0.204327
1 0.777644 0.441106 0.103365 0.271635
1 0.368990 0.258413 0.185096 0.334135
1 0.439904 0.757212 0.072115 0.105769
1 0.646635 0.503606 0.201923 0.362981
