1 0.310096 0.153846 0.038462 0.062500
1 0.608173 0.207933 0.038462 0.103365
1 0.568510 0.376202 0.098558 0.088942
1 0.770433 0.411058 0.132212 0.081731
1 0.784856 0.722356 0.040865 0.117788
1 0.876202 0.713942 0.045673 0.110577
1 0.926683 0.705529 0.040865 0.112981
1 0.677885 0.866587 0.067308 0.079327
1 0.424279 0.913462 0.074519 0.139423
1 0.683894 0.736779 0.026442 0.108173
1 0.500000 0.742788 0.033654 0.105769
1 0.542067 0.742788 0.021635 0.120192
1 0.569712 0.743990 0.024038 0.103365
1 0.413462 0.733173 0.033654 0.100962
1 0.611779 0.752404 0.036058 0.100962
1 0.539663 0.558894 0.050481 0.079327
1 0.395433 0.418269 0.031250 0.072115
1 0.433894 0.234375 0.031250 0.108173
1 0.365385 0.042067 0.105769 0.079327
1 0.388221 0.237981 0.036058 0.100962
1 0.242788 0.502404 0.033654 0.076923
1 0.352163 0.582933 0.040865 0.108173
1 0.379808 0.723558 0.024038 0.100962
1 0.318510 0.447115 0.069712 0.115385
1 0.622596 0.491587 0.129808 0.093750
1 0.659856 0.395433 0.084135 0.103365
1 0.038462 0.454327 0.028846 0.076923
1 0.247596 0.570913 0.052885 0.074519
1 0.484375 0.479567 0.055288 0.069712
1 0.331731 0.228365 0.019231 0.091346
1 0.296875 0.260817 0.021635 0.084135
1 0.316106 0.284856 0.031250 0.079327
1 0.198317 0.503606 0.036058 0.060096
1 0.356971 0.716346 0.012019 0.081731
1 0.343750 0.711538 0.024038 0.091346
1 0.322115 0.710337 0.019231 0.098558
1 0.302885 0.707933 0.028846 0.098558
1 0.459135 0.640625 0.072115 0.122596
1 0.408654 0.551683 0.043269 0.069712
1 0.389423 0.490385 0.048077 0.067308
1 0.449519 0.487981 0.052885 0.062500
1 0.069712 0.477163 0.033654 0.079327
1 0.014423 0.454327 0.024038 0.086538
1 0.094952 0.478365 0.021635 0.052885
