1 0.599760 0.163462 0.127404 0.259615
1 0.432692 0.201923 0.076923 0.105769
1 0.168269 0.375000 0.100962 0.091346
1 0.290865 0.354567 0.086538 0.069712
1 0.957933 0.161058 0.069712 0.153846
1 0.451923 0.838942 0.096154 0.125000
1 0.320913 0.753606 0.084135 0.146635
1 0.810096 0.838942 0.096154 0.149038
1 0.873798 0.757212 0.069712 0.110577
1 0.786058 0.698317 0.072115 0.093750
1 0.647837 0.631010 0.079327 0.093750
1 0.715144 0.867788 0.093750 0.144231
1 0.948317 0.745192 0.074519 0.125000
1 0.461538 0.751202 0.072115 0.108173
1 0.489183 0.685096 0.074519 0.091346
1 0.240385 0.780048 0.096154 0.127404
1 0.051683 0.751202 0.084135 0.122596
1 0.127404 0.742788 0.062500 0.125000
1 0.650240 0.817308 0.079327 0.120192
1 0.889423 0.847356 0.072115 0.098558
1 0.593750 0.762019 0.076923 0.129808
1 0.623798 0.506010 0.055288 0.050481
1 0.537260 0.474760 0.050481 0.060096
1 0.567308 0.485577 0.038462 0.062500
1 0.663462 0.502404 0.024038 0.048077
1 0.685096 0.475962 0.043269 0.057692
1 0.704327 0.516827 0.048077 0.043269
1 0.859375 0.483173 0.026442 0.043269
1 0.828125 0.492788 0.021635 0.057692
1 0.069712 0.704327 0.062500 0.086538
1 0.354567 0.676683 0.079327 0.093750
1 0.896635 0.563702 0.028846 0.088942
1 0.983173 0.600962 0.033654 0.067308
1 0.516827 0.564904 0.067308 0.067308
1 0.170673 0.686298 0.096154 0.079327
1 0.924279 0.683894 0.069712 0.093750
1 0.299279 0.406250 0.098558 0.081731
