1 0.670673 0.472356 0.048077 0.064904
1 0.668269 0.373798 0.043269 0.050481
1 0.724760 0.537260 0.036058 0.040865
1 0.620192 0.788462 0.048077 0.062500
1 0.562500 0.735577 0.048077 0.057692
1 0.757212 0.241587 0.038462 0.055288
1 0.789663 0.155048 0.045673 0.069712
1 0.592548 0.256010 0.040865 0.055288
1 0.037260 0.427885 0.036058 0.052885
1 0.395433 0.360577 0.055288 0.057692
1 0.897837 0.432692 0.050481 0.052885
1 0.510817 0.370192 0.050481 0.067308
1 0.364183 0.637019 0.040865 0.043269
1 0.316106 0.478365 0.040865 0.048077
1 0.227163 0.567308 0.045673 0.043269
1 0.669471 0.742788 0.050481 0.062500
1 0.502404 0.784856 0.057692 0.069712
1 0.378606 0.703125 0.040865 0.055288
1 0.317308 0.669471 0.043269 0.040865
1 0.206731 0.659856 0.048077 0.055288
1 0.352163 0.197115 0.045673 0.043269
1 0.147837 0.477163 0.050481 0.045673
1 0.201923 0.534856 0.033654 0.040865
1 0.192308 0.471154 0.048077 0.052885
1 0.243990 0.473558 0.031250 0.052885
1 0.305288 0.393029 0.038462 0.031250
1 0.317308 0.516827 0.033654 0.048077
1 0.283654 0.593750 0.038462 0.052885
1 0.354567 0.602163 0.031250 0.055288
1 0.399038 0.566106 0.033654 0.060096
1 0.370192 0.537260 0.033654 0.045673
1 0.492788 0.633413 0.033654 0.045673
1 0.614183 0.593750 0.040865 0.048077
1 0.667067 0.655048 0.050481 0.040865
1 0.810096 0.459135 0.052885 0.052885
1 0.826923 0.308894 0.043269 0.045673
1 0.908654 0.384615 0.052885 0.048077
1 0.834135 0.258413 0.048077 0.036058
1 0.854567 0.167067 0.050481 0.026442
1 0.873798 0.188702 0.045673 0.036058
1 0.745192 0.289663 0.028846 0.026442
1 0.743990 0.313702 0.040865 0.026442
1 0.777644 0.295673 0.036058 0.038462
1 0.543269 0.480769 0.038462 0.052885
1 0.635817 0.502404 0.040865 0.043269
1 0.542067 0.539663 0.031250 0.050481
1 0.509615 0.545673 0.038462 0.038462
1 0.484375 0.502404 0.036058 0.038462
1 0.400240 0.495192 0.050481 0.033654
1 0.443510 0.313702 0.045673 0.040865
1 0.507212 0.437500 0.048077 0.043269
1 0.524038 0.121394 0.038462 0.055288
1 0.558894 0.163462 0.036058 0.043269
1 0.602163 0.195913 0.040865 0.031250
1 0.527644 0.314904 0.036058 0.024038
1 0.567308 0.319712 0.028846 0.024038
1 0.647837 0.299279 0.036058 0.036058
1 0.694712 0.194712 0.052885 0.038462
1 0.731971 0.192308 0.026442 0.038462
1 0.687500 0.131010 0.038462 0.031250
1 0.705529 0.143029 0.026442 0.031250
1 0.733173 0.127404 0.038462 0.033654
1 0.752404 0.108173 0.038462 0.028846
1 0.656250 0.025240 0.057692 0.045673
1 0.753606 0.019231 0.060096 0.033654
1 0.603365 0.015625 0.072115 0.026442
1 0.618990 0.384615 0.031250 0.043269
1 0.871394 0.788462 0.040865 0.033654
1 0.838942 0.677885 0.033654 0.038462
1 0.818510 0.564904 0.050481 0.057692
1 0.909856 0.475962 0.031250 0.028846
1 0.960337 0.331731 0.050481 0.062500
1 0.060096 0.399038 0.048077 0.048077
1 0.674279 0.579327 0.040865 0.043269
1 0.585337 0.419471 0.045673 0.036058
1 0.573317 0.391827 0.036058 0.038462
1 0.552885 0.384615 0.024038 0.043269
1 0.405048 0.450721 0.036058 0.050481
1 0.478365 0.390625 0.038462 0.036058
1 0.449519 0.436298 0.033654 0.045673
1 0.453125 0.457933 0.040865 0.026442
1 0.606971 0.322115 0.031250 0.033654
1 0.799279 0.199519 0.050481 0.028846
1 0.598558 0.283654 0.038462 0.028846
1 0.533654 0.272837 0.028846 0.026442
1 0.556490 0.257212 0.021635 0.028846
1 0.534856 0.229567 0.045673 0.021635
1 0.538462 0.243990 0.028846 0.026442
