1 0.302885 0.197115 0.072115 0.072115
1 0.673077 0.506010 0.062500 0.079327
1 0.526442 0.501202 0.048077 0.069712
1 0.556490 0.655048 0.069712 0.064904
1 0.631010 0.721154 0.069712 0.067308
1 0.455529 0.395433 0.069712 0.069712
1 0.128606 0.478365 0.088942 0.096154
1 0.134615 0.247596 0.062500 0.052885
1 0.250000 0.662260 0.062500 0.060096
1 0.209135 0.831731 0.048077 0.081731
1 0.444712 0.882212 0.048077 0.062500
1 0.366587 0.818510 0.064904 0.050481
1 0.861779 0.313702 0.045673 0.050481
1 0.050481 0.530048 0.057692 0.055288
1 0.564904 0.325721 0.062500 0.050481
1 0.532452 0.276442 0.055288 0.033654
1 0.354567 0.049279 0.079327 0.069712
1 0.689904 0.173077 0.062500 0.052885
1 0.888221 0.193510 0.060096 0.060096
1 0.912260 0.325721 0.064904 0.050481
1 0.867788 0.427885 0.096154 0.062500
1 0.814904 0.599760 0.067308 0.074519
1 0.269231 0.550481 0.048077 0.057692
1 0.424279 0.680288 0.064904 0.043269
1 0.480769 0.603365 0.081731 0.038462
1 0.493990 0.566106 0.064904 0.040865
1 0.360577 0.981971 0.062500 0.036058
