1 0.478365 0.237981 0.086538 0.110577
1 0.775240 0.414663 0.127404 0.098558
1 0.640625 0.512019 0.103365 0.062500
1 0.546875 0.509615 0.069712 0.067308
1 0.528846 0.307692 0.052885 0.057692
1 0.302885 0.377404 0.110577 0.081731
1 0.408654 0.415865 0.105769 0.081731
1 0.186298 0.430288 0.093750 0.067308
1 0.243990 0.554087 0.074519 0.074519
1 0.048077 0.409856 0.091346 0.122596
1 0.150240 0.725962 0.084135 0.096154
1 0.147837 0.520433 0.098558 0.103365
1 0.118990 0.600962 0.079327 0.062500
1 0.394231 0.647837 0.105769 0.093750
1 0.310096 0.477163 0.062500 0.064904
1 0.519231 0.606971 0.072115 0.088942
1 0.382212 0.500000 0.076923 0.091346
1 0.449519 0.631010 0.062500 0.098558
1 0.042067 0.638221 0.079327 0.084135
1 0.209135 0.677885 0.096154 0.091346
1 0.293269 0.608173 0.043269 0.076923
1 0.352163 0.564904 0.084135 0.076923
1 0.388221 0.709135 0.079327 0.043269
