1 0.584135 0.175481 0.100962 0.091346
1 0.769231 0.272837 0.100962 0.112981
1 0.787260 0.412260 0.088942 0.069712
1 0.780048 0.498798 0.108173 0.084135
1 0.805288 0.578125 0.115385 0.069712
1 0.585337 0.358173 0.084135 0.062500
1 0.500000 0.325721 0.081731 0.098558
1 0.405048 0.211538 0.117788 0.100962
1 0.292067 0.340144 0.084135 0.079327
1 0.304087 0.259615 0.079327 0.072115
1 0.212740 0.192308 0.088942 0.076923
1 0.076923 0.271635 0.096154 0.100962
1 0.097356 0.150240 0.103365 0.146635
1 0.153846 0.257212 0.086538 0.173077
