1 0.359375 0.115385 0.199519 0.225962
1 0.695913 0.269231 0.127404 0.139423
1 0.497596 0.623798 0.144231 0.170673
1 0.927885 0.096154 0.120192 0.125000
1 0.959135 0.235577 0.072115 0.105769
1 0.597356 0.139423 0.175481 0.100962
1 0.801683 0.534856 0.098558 0.218750
1 0.513221 0.462740 0.064904 0.137019
1 0.810096 0.231971 0.067308 0.175481
1 0.388221 0.445913 0.088942 0.185096
1 0.192308 0.268029 0.096154 0.170673
1 0.082933 0.243990 0.103365 0.185096
1 0.938702 0.522837 0.108173 0.170673
1 0.626202 0.445913 0.137019 0.175481
1 0.242788 0.210337 0.110577 0.122596
1 0.681490 0.396635 0.069712 0.105769
1 0.725962 0.512019 0.091346 0.110577
1 0.939904 0.437500 0.096154 0.110577
1 0.776442 0.055288 0.076923 0.091346
1 0.903846 0.717548 0.076923 0.055288
1 0.177885 0.216346 0.052885 0.076923
1 0.427885 0.055288 0.033654 0.105769
1 0.479567 0.048077 0.112981 0.086538
1 0.969952 0.704327 0.060096 0.105769
