1 0.062500 0.158654 0.052885 0.269231
1 0.225962 0.170673 0.072115 0.259615
1 0.447115 0.173077 0.072115 0.322115
1 0.586538 0.197115 0.062500 0.278846
1 0.847356 0.192308 0.069712 0.278846
1 0.968750 0.188702 0.062500 0.310096
1 0.043269 0.650240 0.062500 0.252404
1 0.135817 0.682692 0.050481 0.283654
1 0.247596 0.682692 0.062500 0.250000
1 0.359375 0.689904 0.055288 0.264423
1 0.188702 0.847356 0.055288 0.262019
1 0.325721 0.858173 0.060096 0.245192
1 0.471154 0.866587 0.048077 0.266827
1 0.540865 0.706731 0.052885 0.245192
1 0.646635 0.709135 0.062500 0.240385
1 0.656250 0.891827 0.091346 0.216346
1 0.780048 0.691106 0.064904 0.271635
1 0.882212 0.722356 0.076923 0.286058
1 0.775240 0.896635 0.064904 0.187500
