1 0.656250 0.326923 0.052885 0.076923
1 0.736779 0.497596 0.161058 0.076923
1 0.795673 0.526442 0.052885 0.100962
1 0.149038 0.367788 0.153846 0.115385
1 0.051683 0.652644 0.074519 0.093750
1 0.366587 0.689904 0.112981 0.086538
1 0.832933 0.884615 0.103365 0.105769
1 0.901442 0.756010 0.043269 0.103365
1 0.135817 0.149038 0.079327 0.197115
1 0.245192 0.549279 0.100962 0.093750
1 0.347356 0.485577 0.064904 0.076923
1 0.354567 0.576923 0.084135 0.067308
1 0.409856 0.778846 0.084135 0.100962
1 0.534856 0.396635 0.146635 0.240385
1 0.546875 0.207933 0.045673 0.074519
1 0.479567 0.145433 0.064904 0.064904
1 0.817308 0.405048 0.062500 0.084135
1 0.465144 0.324519 0.112981 0.129808
1 0.739183 0.673077 0.084135 0.067308
1 0.661058 0.725962 0.173077 0.254808
1 0.602163 0.838942 0.108173 0.091346
1 0.453125 0.454327 0.122596 0.163462
1 0.467548 0.618990 0.161058 0.204327
1 0.594952 0.620192 0.151442 0.201923
1 0.968750 0.543269 0.062500 0.096154
1 0.042067 0.438702 0.074519 0.117788
1 0.219952 0.254808 0.146635 0.158654
1 0.306490 0.193510 0.141827 0.194712
1 0.436298 0.103365 0.055288 0.076923
1 0.591346 0.253606 0.033654 0.069712
1 0.645433 0.257212 0.036058 0.067308
1 0.620192 0.271635 0.024038 0.057692
1 0.716346 0.337740 0.048077 0.060096
1 0.364183 0.057692 0.055288 0.076923
1 0.390625 0.063702 0.045673 0.108173
1 0.307692 0.052885 0.048077 0.081731
1 0.265625 0.155048 0.132212 0.223558
1 0.133413 0.457933 0.088942 0.098558
1 0.850962 0.399038 0.052885 0.096154
1 0.503606 0.183894 0.045673 0.060096
1 0.042067 0.356971 0.055288 0.074519
