1 0.647837 0.635817 0.050481 0.064904
1 0.747596 0.591346 0.052885 0.091346
1 0.760817 0.524038 0.064904 0.052885
1 0.591346 0.628606 0.067308 0.069712
1 0.277644 0.156250 0.209135 0.144231
1 0.365385 0.888221 0.072115 0.079327
1 0.493990 0.675481 0.079327 0.062500
1 0.453125 0.758413 0.060096 0.045673
1 0.180288 0.917067 0.067308 0.093750
1 0.245192 0.795673 0.062500 0.043269
1 0.384615 0.594952 0.057692 0.045673
1 0.806490 0.435096 0.069712 0.052885
1 0.498798 0.606971 0.064904 0.055288
1 0.442308 0.705529 0.052885 0.069712
1 0.173077 0.758413 0.057692 0.069712
1 0.669471 0.141827 0.151442 0.153846
1 0.415865 0.323317 0.201923 0.127404
1 0.495192 0.409856 0.091346 0.137019
1 0.504808 0.552885 0.057692 0.067308
1 0.623798 0.506010 0.103365 0.112981
1 0.661058 0.361779 0.072115 0.069712
1 0.889423 0.299279 0.173077 0.228365
1 0.770433 0.164663 0.112981 0.156250
1 0.312500 0.399038 0.153846 0.115385
1 0.094952 0.399038 0.122596 0.206731
1 0.112981 0.631010 0.096154 0.064904
1 0.168269 0.671875 0.067308 0.040865
1 0.289663 0.719952 0.117788 0.108173
1 0.326923 0.631010 0.067308 0.069712
1 0.334135 0.508413 0.076923 0.055288
1 0.263221 0.519231 0.060096 0.062500
1 0.676683 0.599760 0.055288 0.084135
1 0.838942 0.542067 0.052885 0.064904
1 0.735577 0.421875 0.048077 0.079327
