1 0.181490 0.098558 0.069712 0.129808
1 0.275240 0.185096 0.060096 0.096154
1 0.299279 0.282452 0.064904 0.098558
1 0.490385 0.092548 0.086538 0.112981
1 0.617788 0.086538 0.081731 0.115385
1 0.765625 0.168269 0.036058 0.153846
1 0.721154 0.234375 0.057692 0.117788
1 0.968750 0.445913 0.028846 0.165865
1 0.894231 0.463942 0.038462 0.125000
1 0.817308 0.459135 0.057692 0.110577
1 0.399038 0.277644 0.043269 0.132212
1 0.445913 0.237981 0.050481 0.100962
1 0.944712 0.633413 0.057692 0.084135
1 0.610577 0.204327 0.028846 0.149038
1 0.706731 0.393029 0.052885 0.098558
1 0.305288 0.393029 0.081731 0.079327
1 0.403846 0.445913 0.048077 0.137019
1 0.192308 0.213942 0.043269 0.110577
1 0.348558 0.852163 0.048077 0.146635
1 0.467548 0.368990 0.060096 0.146635
1 0.536058 0.431490 0.038462 0.069712
1 0.576923 0.221154 0.052885 0.115385
1 0.697115 0.331731 0.062500 0.081731
1 0.103365 0.405048 0.067308 0.079327
1 0.217548 0.483173 0.050481 0.125000
1 0.022837 0.572115 0.040865 0.110577
1 0.871394 0.747596 0.045673 0.163462
1 0.774038 0.581731 0.033654 0.134615
1 0.655048 0.542067 0.050481 0.084135
1 0.643029 0.694712 0.060096 0.129808
1 0.593750 0.641827 0.057692 0.182692
1 0.727163 0.753606 0.036058 0.175481
1 0.752404 0.557692 0.038462 0.110577
