1 0.084135 0.460337 0.134615 0.262019
1 0.084135 0.686298 0.129808 0.165865
1 0.895433 0.340144 0.199519 0.180288
1 0.533654 0.177885 0.139423 0.278846
1 0.174279 0.224760 0.199519 0.122596
1 0.914663 0.753606 0.103365 0.161058
1 0.709135 0.729567 0.081731 0.165865
1 0.772837 0.733173 0.050481 0.163462
1 0.834135 0.741587 0.100962 0.170673
1 0.508413 0.725962 0.079327 0.134615
1 0.584135 0.716346 0.086538 0.163462
1 0.629808 0.739183 0.100962 0.137019
1 0.435096 0.715144 0.086538 0.165865
1 0.376202 0.429087 0.170673 0.483173
1 0.362981 0.724760 0.076923 0.137019
1 0.330529 0.799279 0.252404 0.372596
