1 0.614183 0.206731 0.310096 0.259615
1 0.689904 0.500000 0.259615 0.278846
1 0.522837 0.718750 0.079327 0.173077
1 0.584135 0.840144 0.115385 0.209135
1 0.329327 0.780048 0.105769 0.247596
1 0.358173 0.580529 0.081731 0.112981
1 0.710337 0.780048 0.064904 0.165865
1 0.784856 0.895433 0.146635 0.189904
1 0.414663 0.740385 0.112981 0.177885
1 0.280048 0.561298 0.055288 0.088942
1 0.044471 0.489183 0.084135 0.079327
1 0.147837 0.550481 0.108173 0.110577
1 0.698317 0.861779 0.161058 0.151442
1 0.181490 0.496394 0.112981 0.079327
1 0.246394 0.518029 0.079327 0.064904
1 0.064904 0.616587 0.125000 0.127404
1 0.258413 0.643029 0.141827 0.045673
1 0.206731 0.699519 0.144231 0.076923
