1 0.177885 0.216346 0.096154 0.250000
1 0.407452 0.177885 0.084135 0.302885
1 0.540865 0.186298 0.096154 0.281250
1 0.807692 0.150240 0.076923 0.271635
1 0.923077 0.137019 0.081731 0.264423
1 0.076923 0.711538 0.072115 0.245192
1 0.168269 0.727163 0.081731 0.262019
1 0.282452 0.712740 0.088942 0.247596
1 0.240385 0.878606 0.086538 0.242788
1 0.373798 0.879808 0.074519 0.230769
1 0.385817 0.700721 0.079327 0.252404
1 0.570913 0.704327 0.079327 0.264423
1 0.522837 0.866587 0.064904 0.257212
1 0.675481 0.675481 0.086538 0.216346
1 0.715144 0.871394 0.103365 0.185096
1 0.810096 0.656250 0.072115 0.269231
1 0.911058 0.668269 0.072115 0.274038
1 0.825721 0.865385 0.079327 0.201923
1 0.031250 0.230769 0.057692 0.278846
