1 0.086538 0.274038 0.043269 0.086538
1 0.123798 0.323317 0.036058 0.112981
1 0.239183 0.320913 0.045673 0.093750
1 0.304087 0.334135 0.045673 0.096154
1 0.354567 0.348558 0.050481 0.091346
1 0.424279 0.412260 0.040865 0.088942
1 0.463942 0.435096 0.028846 0.091346
1 0.516827 0.447115 0.033654 0.081731
1 0.652644 0.502404 0.040865 0.091346
1 0.718750 0.493990 0.043269 0.074519
1 0.814904 0.205529 0.081731 0.088942
1 0.739183 0.579327 0.040865 0.091346
1 0.814904 0.653846 0.028846 0.067308
1 0.872596 0.753606 0.052885 0.064904
1 0.564904 0.729567 0.048077 0.084135
1 0.324519 0.603365 0.062500 0.072115
1 0.277644 0.575721 0.050481 0.069712
