1 0.891827 0.157452 0.110577 0.218750
1 0.777644 0.307692 0.127404 0.187500
1 0.542067 0.496394 0.064904 0.122596
1 0.121394 0.908654 0.112981 0.173077
1 0.850962 0.222356 0.125000 0.204327
1 0.163462 0.872596 0.144231 0.158654
1 0.205529 0.840144 0.098558 0.180288
1 0.233173 0.801683 0.072115 0.170673
1 0.284856 0.770433 0.088942 0.199519
1 0.313702 0.746394 0.112981 0.185096
1 0.354567 0.718750 0.098558 0.187500
1 0.382212 0.687500 0.105769 0.182692
1 0.432692 0.652644 0.100962 0.165865
1 0.478365 0.596154 0.129808 0.173077
1 0.514423 0.556490 0.134615 0.185096
1 0.588942 0.479567 0.100962 0.213942
1 0.627404 0.447115 0.110577 0.201923
1 0.680288 0.400240 0.110577 0.161058
1 0.718750 0.350962 0.115385 0.177885
