1 0.852163 0.110577 0.156250 0.120192
1 0.878606 0.248798 0.175481 0.170673
1 0.850962 0.412260 0.134615 0.156250
1 0.847356 0.584135 0.185096 0.225962
1 0.558894 0.843750 0.151442 0.230769
1 0.423077 0.854567 0.149038 0.247596
1 0.612981 0.526442 0.149038 0.134615
1 0.367788 0.524038 0.173077 0.187500
1 0.174279 0.609375 0.165865 0.228365
1 0.125000 0.407452 0.134615 0.161058
1 0.246394 0.242788 0.141827 0.173077
1 0.364183 0.181490 0.137019 0.165865
1 0.474760 0.252404 0.117788 0.163462
1 0.354567 0.078125 0.165865 0.084135
