1 0.209135 0.328125 0.096154 0.108173
1 0.349760 0.508413 0.064904 0.093750
1 0.431490 0.590144 0.074519 0.079327
1 0.236779 0.674279 0.055288 0.117788
1 0.293269 0.669471 0.081731 0.088942
1 0.362981 0.686298 0.072115 0.098558
1 0.259615 0.944712 0.081731 0.100962
1 0.658654 0.156250 0.067308 0.076923
1 0.792067 0.066106 0.055288 0.127404
1 0.590144 0.414663 0.064904 0.122596
1 0.506010 0.497596 0.074519 0.105769
1 0.599760 0.620192 0.064904 0.105769
1 0.804087 0.623798 0.117788 0.088942
1 0.753606 0.510817 0.069712 0.127404
1 0.955529 0.365385 0.064904 0.091346
1 0.516827 0.471154 0.100962 0.091346
1 0.575721 0.711538 0.098558 0.076923
1 0.840144 0.713942 0.127404 0.086538
1 0.341346 0.783654 0.072115 0.100962
