1 0.862981 0.216346 0.139423 0.182692
1 0.805288 0.367788 0.086538 0.072115
1 0.673077 0.456731 0.100962 0.100962
1 0.692308 0.610577 0.144231 0.153846
1 0.587740 0.266827 0.098558 0.125000
1 0.538462 0.330529 0.072115 0.098558
1 0.519231 0.445913 0.091346 0.084135
1 0.487981 0.584135 0.062500 0.076923
1 0.329327 0.748798 0.072115 0.093750
1 0.366587 0.641827 0.045673 0.067308
1 0.443510 0.356971 0.079327 0.079327
1 0.378606 0.526442 0.036058 0.024038
1 0.439904 0.474760 0.024038 0.060096
1 0.405048 0.537260 0.045673 0.045673
1 0.378606 0.597356 0.055288 0.055288
