1 0.536058 0.312500 0.072115 0.100962
1 0.699519 0.293269 0.076923 0.091346
1 0.623798 0.368990 0.074519 0.112981
1 0.509615 0.419471 0.072115 0.069712
1 0.401442 0.393029 0.086538 0.093750
1 0.182692 0.376202 0.086538 0.098558
1 0.240385 0.445913 0.081731 0.093750
1 0.319712 0.406250 0.072115 0.067308
1 0.335337 0.461538 0.079327 0.125000
1 0.378606 0.555288 0.093750 0.096154
1 0.288462 0.614183 0.120192 0.151442
1 0.514423 0.568510 0.091346 0.112981
1 0.652644 0.520433 0.079327 0.098558
1 0.919471 0.406250 0.103365 0.110577
1 0.929087 0.276442 0.127404 0.096154
1 0.115385 0.438702 0.048077 0.146635
1 0.040865 0.426683 0.072115 0.156250
1 0.242788 0.801683 0.062500 0.098558
1 0.061298 0.784856 0.084135 0.112981
1 0.939904 0.867788 0.057692 0.086538
1 0.924279 0.638221 0.122596 0.175481
1 0.534856 0.799279 0.069712 0.074519
1 0.860577 0.766827 0.057692 0.086538
1 0.709135 0.703125 0.062500 0.084135
1 0.777644 0.807692 0.064904 0.072115
