1 0.570913 0.246394 0.146635 0.132212
1 0.703125 0.292067 0.141827 0.127404
1 0.816106 0.272837 0.108173 0.093750
1 0.703125 0.157452 0.189904 0.084135
1 0.359375 0.268029 0.170673 0.069712
1 0.197115 0.264423 0.192308 0.100962
1 0.094952 0.554087 0.137019 0.137019
1 0.524038 0.493990 0.067308 0.050481
1 0.302885 0.783654 0.206731 0.120192
1 0.377404 0.330529 0.120192 0.122596
1 0.521635 0.371394 0.062500 0.079327
1 0.600962 0.394231 0.096154 0.105769
1 0.376202 0.562500 0.137019 0.072115
1 0.189904 0.400240 0.173077 0.088942
1 0.219952 0.540865 0.146635 0.129808
1 0.711538 0.423077 0.153846 0.139423
1 0.365385 0.435096 0.177885 0.105769
1 0.484375 0.818510 0.161058 0.122596
1 0.408654 0.712740 0.187500 0.088942
1 0.432692 0.670673 0.153846 0.081731
1 0.483173 0.616587 0.120192 0.079327
1 0.506010 0.585337 0.141827 0.084135
