1 0.364183 0.699519 0.050481 0.081731
1 0.274038 0.093750 0.067308 0.062500
1 0.629808 0.610577 0.067308 0.067308
1 0.522837 0.322115 0.060096 0.062500
1 0.289663 0.402644 0.050481 0.036058
1 0.652644 0.786058 0.040865 0.057692
1 0.604567 0.426683 0.050481 0.060096
1 0.950721 0.487981 0.036058 0.062500
1 0.757212 0.415865 0.043269 0.057692
1 0.704327 0.539663 0.028846 0.045673
1 0.864183 0.527644 0.045673 0.050481
1 0.978365 0.311298 0.043269 0.055288
1 0.361779 0.781250 0.045673 0.067308
1 0.806490 0.754808 0.050481 0.072115
1 0.614183 0.700721 0.050481 0.055288
1 0.412260 0.788462 0.045673 0.048077
1 0.475962 0.730769 0.057692 0.043269
1 0.576923 0.873798 0.052885 0.045673
1 0.853365 0.748798 0.033654 0.036058
1 0.635817 0.183894 0.040865 0.026442
1 0.943510 0.262019 0.040865 0.038462
1 0.801683 0.277644 0.050481 0.036058
1 0.793269 0.337740 0.038462 0.031250
1 0.799279 0.384615 0.040865 0.038462
1 0.853365 0.425481 0.043269 0.028846
1 0.854567 0.468750 0.031250 0.024038
1 0.885817 0.475962 0.036058 0.028846
1 0.908654 0.424279 0.038462 0.021635
1 0.894231 0.403846 0.028846 0.024038
1 0.937500 0.441106 0.028846 0.026442
1 0.971154 0.441106 0.024038 0.031250
1 0.889423 0.592548 0.043269 0.031250
1 0.859375 0.621394 0.050481 0.031250
1 0.751202 0.481971 0.050481 0.036058
1 0.695913 0.466346 0.036058 0.028846
1 0.682692 0.438702 0.043269 0.016827
1 0.658654 0.391827 0.043269 0.048077
1 0.602163 0.338942 0.050481 0.033654
1 0.456731 0.284856 0.033654 0.031250
1 0.353365 0.288462 0.043269 0.033654
1 0.323317 0.252404 0.050481 0.028846
1 0.290865 0.205529 0.057692 0.036058
1 0.276442 0.290865 0.038462 0.038462
1 0.280048 0.337740 0.045673 0.036058
1 0.191106 0.377404 0.050481 0.043269
1 0.395433 0.350962 0.036058 0.043269
1 0.373798 0.378606 0.060096 0.026442
1 0.383413 0.415865 0.050481 0.028846
1 0.252404 0.471154 0.048077 0.043269
1 0.266827 0.546875 0.043269 0.031250
1 0.284856 0.701923 0.040865 0.048077
1 0.396635 0.578125 0.048077 0.045673
1 0.507212 0.658654 0.038462 0.028846
1 0.544471 0.681490 0.040865 0.040865
1 0.733173 0.709135 0.043269 0.043269
1 0.932692 0.753606 0.038462 0.055288
1 0.971154 0.590144 0.048077 0.031250
1 0.979567 0.566106 0.040865 0.045673
1 0.920673 0.530048 0.048077 0.045673
1 0.669471 0.521635 0.050481 0.038462
1 0.617788 0.500000 0.057692 0.048077
1 0.538462 0.530048 0.072115 0.036058
1 0.586538 0.599760 0.057692 0.040865
1 0.519231 0.616587 0.048077 0.036058
1 0.497596 0.557692 0.048077 0.028846
1 0.462740 0.528846 0.050481 0.043269
1 0.490385 0.497596 0.052885 0.033654
1 0.437500 0.415865 0.033654 0.043269
1 0.479567 0.399038 0.040865 0.052885
1 0.544471 0.460337 0.050481 0.031250
1 0.568510 0.417067 0.040865 0.031250
1 0.518029 0.408654 0.036058 0.028846
1 0.498798 0.435096 0.036058 0.038462
1 0.713942 0.385817 0.052885 0.031250
1 0.719952 0.389423 0.036058 0.024038
1 0.706731 0.340144 0.038462 0.031250
1 0.734375 0.359375 0.031250 0.031250
1 0.519231 0.957933 0.067308 0.045673
1 0.028846 0.742788 0.052885 0.043269
1 0.721154 0.432692 0.038462 0.038462
1 0.328125 0.454327 0.045673 0.038462
1 0.375000 0.467548 0.057692 0.031250
1 0.308894 0.481971 0.060096 0.045673
1 0.623798 0.462740 0.045673 0.036058
1 0.698317 0.568510 0.036058 0.040865
1 0.778846 0.799279 0.048077 0.031250
1 0.817308 0.555288 0.038462 0.024038
1 0.799279 0.575721 0.026442 0.021635
1 0.837740 0.580529 0.040865 0.036058
