1 0.378606 0.368990 0.117788 0.137019
1 0.139423 0.539663 0.100962 0.137019
1 0.237981 0.621394 0.096154 0.137019
1 0.331731 0.600962 0.110577 0.134615
1 0.460337 0.626202 0.108173 0.180288
1 0.293269 0.500000 0.129808 0.096154
1 0.568510 0.409856 0.093750 0.079327
1 0.873798 0.466346 0.117788 0.187500
1 0.778846 0.443510 0.144231 0.112981
1 0.808894 0.518029 0.093750 0.050481
1 0.901442 0.566106 0.115385 0.088942
1 0.584135 0.611779 0.134615 0.132212
1 0.560096 0.543269 0.096154 0.100962
1 0.590144 0.465144 0.137019 0.064904
1 0.641827 0.603365 0.105769 0.100962
