1 0.564904 0.175481 0.096154 0.134615
1 0.448317 0.260817 0.031250 0.108173
1 0.397837 0.347356 0.050481 0.137019
1 0.515625 0.400240 0.055288 0.084135
1 0.560096 0.397837 0.048077 0.084135
1 0.628606 0.342548 0.084135 0.122596
1 0.052885 0.401442 0.067308 0.100962
1 0.061298 0.540865 0.093750 0.110577
1 0.608173 0.629808 0.052885 0.105769
1 0.444712 0.671875 0.067308 0.137019
1 0.370192 0.647837 0.062500 0.132212
1 0.278846 0.651442 0.057692 0.134615
1 0.188702 0.783654 0.074519 0.115385
1 0.835337 0.221154 0.055288 0.081731
1 0.861779 0.420673 0.055288 0.120192
1 0.817308 0.293269 0.081731 0.139423
1 0.800481 0.395433 0.062500 0.122596
1 0.391827 0.534856 0.048077 0.088942
1 0.153846 0.311298 0.067308 0.098558
1 0.777644 0.498798 0.103365 0.185096
1 0.265625 0.777644 0.045673 0.098558
1 0.151442 0.564904 0.091346 0.115385
1 0.938702 0.567308 0.103365 0.144231
1 0.483173 0.538462 0.100962 0.110577
1 0.455529 0.474760 0.079327 0.084135
1 0.093750 0.664663 0.081731 0.112981
1 0.134615 0.609375 0.091346 0.112981
1 0.134615 0.412260 0.110577 0.127404
1 0.189904 0.471154 0.100962 0.115385
1 0.348558 0.555288 0.067308 0.076923
