1 0.769231 0.104567 0.086538 0.055288
1 0.923077 0.347356 0.076923 0.084135
1 0.294471 0.558894 0.060096 0.112981
1 0.368990 0.597356 0.045673 0.084135
1 0.381010 0.698317 0.064904 0.079327
1 0.645433 0.741587 0.060096 0.079327
1 0.796875 0.655048 0.074519 0.098558
1 0.657452 0.655048 0.045673 0.103365
1 0.605769 0.429087 0.086538 0.069712
1 0.561298 0.189904 0.079327 0.100962
1 0.423077 0.448317 0.072115 0.108173
1 0.358173 0.455529 0.072115 0.093750
1 0.147837 0.445913 0.064904 0.074519
1 0.715144 0.359375 0.031250 0.088942
1 0.307692 0.265625 0.067308 0.108173
1 0.231971 0.258413 0.079327 0.079327
1 0.195913 0.631010 0.055288 0.074519
1 0.645433 0.218750 0.069712 0.057692
1 0.693510 0.450721 0.069712 0.069712
1 0.536058 0.975962 0.096154 0.048077
1 0.359375 0.919471 0.103365 0.084135
1 0.299279 0.959135 0.069712 0.081731
1 0.593750 0.057692 0.076923 0.110577
1 0.765625 0.486779 0.045673 0.088942
1 0.753606 0.365385 0.074519 0.086538
1 0.899038 0.740385 0.072115 0.100962
1 0.950721 0.695913 0.074519 0.112981
1 0.215144 0.445913 0.074519 0.088942
