1 0.628606 0.194712 0.098558 0.076923
1 0.537260 0.484375 0.060096 0.084135
1 0.699519 0.576923 0.100962 0.081731
1 0.828125 0.551683 0.084135 0.088942
1 0.895433 0.526442 0.055288 0.076923
1 0.548077 0.610577 0.072115 0.067308
1 0.281250 0.637019 0.052885 0.067308
1 0.250000 0.551683 0.086538 0.093750
1 0.131010 0.569712 0.093750 0.081731
1 0.042067 0.605769 0.064904 0.086538
1 0.409856 0.433894 0.079327 0.064904
1 0.518029 0.365385 0.088942 0.125000
1 0.234375 0.414663 0.060096 0.050481
1 0.141827 0.402644 0.081731 0.093750
1 0.076923 0.377404 0.057692 0.081731
1 0.169471 0.252404 0.098558 0.149038
1 0.264423 0.293269 0.086538 0.091346
1 0.056490 0.204327 0.069712 0.115385
1 0.584135 0.349760 0.057692 0.060096
1 0.347356 0.610577 0.088942 0.100962
1 0.480769 0.594952 0.067308 0.079327
1 0.324519 0.487981 0.096154 0.052885
1 0.388221 0.310096 0.132212 0.081731
1 0.081731 0.677885 0.062500 0.052885
1 0.400240 0.609375 0.040865 0.074519
1 0.381010 0.373798 0.117788 0.050481
