1 0.282452 0.387019 0.074519 0.134615
1 0.703125 0.276442 0.098558 0.096154
1 0.573317 0.471154 0.069712 0.115385
1 0.486779 0.599760 0.093750 0.098558
1 0.436298 0.657452 0.064904 0.084135
1 0.475962 0.679087 0.086538 0.079327
1 0.598558 0.623798 0.043269 0.084135
1 0.604567 0.536058 0.031250 0.057692
1 0.610577 0.569712 0.067308 0.072115
1 0.674279 0.622596 0.074519 0.100962
1 0.766827 0.533654 0.048077 0.086538
1 0.862981 0.621394 0.086538 0.084135
1 0.498798 0.887019 0.064904 0.100962
1 0.212740 0.935096 0.050481 0.057692
1 0.655048 0.556490 0.055288 0.040865
