1 0.899038 0.171875 0.086538 0.141827
1 0.591346 0.192308 0.072115 0.105769
1 0.704327 0.323317 0.057692 0.093750
1 0.743990 0.358173 0.050481 0.072115
1 0.340144 0.265625 0.122596 0.127404
1 0.069712 0.442308 0.052885 0.091346
1 0.132212 0.493990 0.062500 0.103365
1 0.135817 0.679087 0.031250 0.088942
1 0.298077 0.876202 0.076923 0.161058
1 0.673077 0.555288 0.072115 0.115385
1 0.515625 0.485577 0.045673 0.067308
1 0.581731 0.561298 0.052885 0.064904
1 0.209135 0.551683 0.048077 0.064904
1 0.354567 0.692308 0.031250 0.096154
1 0.420673 0.735577 0.043269 0.086538
1 0.431490 0.521635 0.064904 0.067308
1 0.570913 0.649038 0.060096 0.076923
1 0.427885 0.413462 0.115385 0.115385
1 0.450721 0.278846 0.069712 0.153846
1 0.427885 0.644231 0.062500 0.100962
1 0.859375 0.343750 0.050481 0.067308
1 0.788462 0.388221 0.062500 0.074519
1 0.807692 0.442308 0.043269 0.067308
1 0.770433 0.449519 0.055288 0.067308
1 0.516827 0.347356 0.076923 0.141827
1 0.237981 0.597356 0.052885 0.088942
1 0.242788 0.599760 0.076923 0.088942
1 0.265625 0.627404 0.079327 0.076923
1 0.295673 0.655048 0.072115 0.084135
1 0.318510 0.665865 0.084135 0.086538
1 0.457933 0.746394 0.064904 0.079327
1 0.481971 0.758413 0.064904 0.084135
1 0.492788 0.768029 0.072115 0.079327
1 0.509615 0.772837 0.072115 0.079327
1 0.524038 0.771635 0.072115 0.076923
1 0.665865 0.688702 0.110577 0.117788
1 0.706731 0.724760 0.086538 0.108173
1 0.739183 0.733173 0.084135 0.105769
1 0.545673 0.530048 0.062500 0.055288
1 0.509615 0.549279 0.062500 0.069712
1 0.913462 0.772837 0.057692 0.064904
1 0.888221 0.756010 0.050481 0.069712
1 0.637019 0.508413 0.048077 0.069712
1 0.039663 0.394231 0.074519 0.081731
1 0.823317 0.745192 0.045673 0.081731
1 0.854567 0.747596 0.040865 0.067308
