1 0.817308 0.382212 0.091346 0.197115
1 0.909856 0.338942 0.079327 0.192308
1 0.969952 0.281250 0.060096 0.216346
1 0.741587 0.421875 0.079327 0.175481
1 0.693510 0.449519 0.050481 0.158654
1 0.644231 0.498798 0.076923 0.209135
1 0.591346 0.497596 0.067308 0.211538
1 0.548077 0.534856 0.052885 0.194712
1 0.492788 0.558894 0.062500 0.185096
1 0.444712 0.585337 0.081731 0.189904
1 0.394231 0.633413 0.067308 0.180288
1 0.337740 0.644231 0.064904 0.177885
1 0.293269 0.664663 0.062500 0.189904
1 0.075721 0.765625 0.064904 0.165865
1 0.121394 0.751202 0.055288 0.151442
1 0.201923 0.700721 0.038462 0.209135
1 0.245192 0.685096 0.033654 0.173077
1 0.020433 0.786058 0.036058 0.182692
1 0.157452 0.723558 0.074519 0.139423
