1 0.763221 0.050481 0.108173 0.096154
1 0.713942 0.088942 0.105769 0.115385
1 0.621394 0.139423 0.108173 0.153846
1 0.050481 0.359375 0.062500 0.084135
1 0.204327 0.234375 0.091346 0.108173
1 0.480769 0.326923 0.105769 0.187500
1 0.231971 0.395433 0.084135 0.088942
1 0.158654 0.413462 0.100962 0.163462
1 0.039663 0.532452 0.074519 0.060096
1 0.079327 0.429087 0.115385 0.127404
1 0.346154 0.295673 0.091346 0.134615
1 0.084135 0.585337 0.096154 0.093750
1 0.068510 0.668269 0.060096 0.153846
1 0.144231 0.640625 0.076923 0.108173
1 0.085337 0.741587 0.060096 0.069712
1 0.151442 0.766827 0.052885 0.057692
1 0.115385 0.837740 0.100962 0.079327
1 0.091346 0.936298 0.057692 0.069712
1 0.239183 0.709135 0.079327 0.086538
1 0.295673 0.741587 0.096154 0.084135
1 0.295673 0.847356 0.062500 0.074519
1 0.257212 0.856971 0.057692 0.069712
1 0.205529 0.317308 0.084135 0.096154
1 0.263221 0.289663 0.079327 0.103365
1 0.722356 0.340144 0.050481 0.170673
1 0.564904 0.310096 0.076923 0.120192
1 0.604567 0.413462 0.093750 0.105769
1 0.632212 0.310096 0.067308 0.110577
1 0.631010 0.264423 0.064904 0.115385
1 0.659856 0.295673 0.055288 0.072115
1 0.854567 0.212740 0.084135 0.103365
1 0.942308 0.324519 0.091346 0.158654
1 0.855769 0.317308 0.096154 0.100962
1 0.853365 0.454327 0.072115 0.091346
1 0.837740 0.418269 0.103365 0.115385
1 0.754808 0.411058 0.105769 0.081731
1 0.316106 0.677885 0.088942 0.086538
1 0.400240 0.599760 0.084135 0.103365
1 0.275240 0.546875 0.079327 0.117788
1 0.306490 0.471154 0.074519 0.086538
1 0.383413 0.420673 0.074519 0.100962
1 0.435096 0.453125 0.076923 0.050481
1 0.403846 0.495192 0.100962 0.057692
1 0.503606 0.445913 0.060096 0.079327
1 0.525240 0.528846 0.064904 0.091346
1 0.551683 0.457933 0.117788 0.040865
1 0.603365 0.484375 0.134615 0.064904
1 0.620192 0.534856 0.076923 0.084135
1 0.606971 0.574519 0.069712 0.086538
1 0.414663 0.707933 0.060096 0.079327
1 0.419471 0.645433 0.045673 0.084135
1 0.502404 0.597356 0.134615 0.084135
1 0.421875 0.867788 0.088942 0.076923
1 0.528846 0.837740 0.100962 0.064904
1 0.596154 0.825721 0.052885 0.074519
1 0.628606 0.830529 0.036058 0.098558
1 0.646635 0.763221 0.120192 0.064904
1 0.722356 0.816106 0.103365 0.074519
1 0.723558 0.808894 0.067308 0.060096
1 0.729567 0.693510 0.103365 0.055288
1 0.668269 0.627404 0.129808 0.081731
1 0.693510 0.593750 0.079327 0.057692
1 0.769231 0.556490 0.091346 0.074519
1 0.841346 0.699519 0.081731 0.062500
1 0.807692 0.731971 0.038462 0.055288
1 0.849760 0.730769 0.064904 0.062500
1 0.890625 0.762019 0.084135 0.057692
1 0.929087 0.795673 0.079327 0.081731
1 0.893029 0.579327 0.069712 0.081731
1 0.807692 0.597356 0.120192 0.088942
1 0.936298 0.474760 0.074519 0.122596
1 0.961538 0.568510 0.062500 0.189904
