1 0.185096 0.215144 0.062500 0.060096
1 0.314904 0.210337 0.072115 0.060096
1 0.292067 0.114183 0.084135 0.074519
1 0.667067 0.061298 0.069712 0.055288
1 0.098558 0.156250 0.067308 0.067308
1 0.540865 0.182692 0.062500 0.048077
1 0.044471 0.347356 0.079327 0.064904
1 0.144231 0.414663 0.072115 0.074519
1 0.221154 0.497596 0.076923 0.091346
1 0.120192 0.610577 0.125000 0.115385
1 0.793269 0.548077 0.062500 0.081731
1 0.646635 0.250000 0.076923 0.076923
1 0.661058 0.305288 0.067308 0.057692
1 0.801683 0.139423 0.064904 0.076923
1 0.251202 0.627404 0.069712 0.062500
1 0.628606 0.574519 0.064904 0.067308
1 0.140625 0.842548 0.060096 0.055288
1 0.298077 0.686298 0.057692 0.055288
1 0.251202 0.326923 0.074519 0.048077
1 0.524038 0.329327 0.067308 0.052885
1 0.841346 0.268029 0.067308 0.050481
1 0.258413 0.413462 0.127404 0.076923
1 0.419471 0.222356 0.060096 0.055288
1 0.355769 0.474760 0.072115 0.074519
1 0.423077 0.501202 0.067308 0.069712
1 0.421875 0.469952 0.050481 0.060096
1 0.355769 0.551683 0.052885 0.055288
1 0.280048 0.568510 0.084135 0.079327
1 0.046875 0.515625 0.079327 0.050481
1 0.085337 0.502404 0.069712 0.048077
1 0.513221 0.274038 0.060096 0.057692
1 0.566106 0.251202 0.084135 0.055288
1 0.492788 0.234375 0.067308 0.050481
1 0.876202 0.109375 0.064904 0.074519
1 0.891827 0.329327 0.067308 0.048077
1 0.961538 0.367788 0.072115 0.048077
1 0.864183 0.455529 0.084135 0.103365
1 0.831731 0.481971 0.062500 0.045673
1 0.775240 0.408654 0.093750 0.091346
1 0.722356 0.331731 0.084135 0.081731
1 0.605769 0.361779 0.057692 0.050481
1 0.652644 0.385817 0.074519 0.074519
1 0.634615 0.439904 0.076923 0.048077
1 0.551683 0.451923 0.098558 0.038462
1 0.632212 0.495192 0.091346 0.052885
1 0.581731 0.533654 0.100962 0.072115
1 0.506010 0.540865 0.093750 0.048077
1 0.443510 0.616587 0.060096 0.064904
1 0.242788 0.838942 0.081731 0.057692
1 0.102163 0.750000 0.103365 0.072115
1 0.179087 0.783654 0.069712 0.062500
1 0.248798 0.760817 0.098558 0.069712
1 0.389423 0.788462 0.081731 0.057692
1 0.377404 0.711538 0.067308 0.067308
1 0.492788 0.769231 0.091346 0.086538
1 0.756010 0.639423 0.074519 0.052885
1 0.689904 0.560096 0.086538 0.100962
1 0.895433 0.573317 0.098558 0.079327
1 0.925481 0.518029 0.120192 0.064904
1 0.842548 0.673077 0.055288 0.048077
1 0.917067 0.641827 0.069712 0.043269
1 0.689904 0.659856 0.076923 0.064904
1 0.638221 0.632212 0.060096 0.057692
1 0.596154 0.658654 0.100962 0.038462
1 0.641827 0.727163 0.091346 0.060096
1 0.621394 0.757212 0.084135 0.062500
1 0.519231 0.876202 0.096154 0.088942
1 0.829327 0.823317 0.067308 0.074519
1 0.768029 0.701923 0.055288 0.048077
1 0.810096 0.683894 0.067308 0.026442
1 0.920673 0.706731 0.062500 0.072115
1 0.894231 0.733173 0.062500 0.052885
1 0.676683 0.465144 0.069712 0.074519
1 0.516827 0.382212 0.062500 0.048077
1 0.346154 0.856971 0.110577 0.069712
1 0.330529 0.775240 0.060096 0.060096
1 0.164663 0.560096 0.074519 0.052885
1 0.027644 0.562500 0.050481 0.052885
1 0.435096 0.319712 0.115385 0.134615
