1 0.045673 0.269231 0.043269 0.158654
1 0.169471 0.328125 0.060096 0.137019
1 0.318510 0.141827 0.031250 0.158654
1 0.437500 0.080529 0.038462 0.146635
1 0.608173 0.087740 0.057692 0.156250
1 0.586538 0.168269 0.038462 0.120192
1 0.901442 0.253606 0.062500 0.137019
1 0.841346 0.299279 0.057692 0.127404
1 0.775240 0.341346 0.040865 0.129808
1 0.609375 0.270433 0.036058 0.098558
1 0.638221 0.316106 0.036058 0.112981
1 0.311298 0.332933 0.055288 0.112981
1 0.432692 0.401442 0.062500 0.163462
1 0.229567 0.612981 0.060096 0.139423
1 0.091346 0.768029 0.043269 0.069712
1 0.277644 0.489183 0.055288 0.103365
1 0.385817 0.479567 0.069712 0.112981
1 0.937500 0.548077 0.052885 0.115385
1 0.963942 0.424279 0.043269 0.069712
1 0.478365 0.185096 0.081731 0.139423
1 0.346154 0.270433 0.062500 0.074519
1 0.105769 0.371394 0.038462 0.151442
1 0.667067 0.479567 0.098558 0.074519
1 0.512019 0.445913 0.110577 0.064904
1 0.100962 0.569712 0.081731 0.062500
1 0.070913 0.868990 0.045673 0.132212
1 0.813702 0.639423 0.074519 0.163462
1 0.718750 0.621394 0.062500 0.117788
1 0.655048 0.549279 0.050481 0.079327
1 0.514423 0.414663 0.033654 0.060096
1 0.218750 0.388221 0.043269 0.137019
1 0.158654 0.468750 0.076923 0.120192
1 0.770433 0.662260 0.064904 0.137019
1 0.942308 0.656250 0.028846 0.115385
1 0.510817 0.876202 0.079327 0.137019
1 0.751202 0.447115 0.045673 0.100962
1 0.784856 0.466346 0.045673 0.129808
