1 0.881010 0.139423 0.093750 0.081731
1 0.692308 0.264423 0.086538 0.072115
1 0.844952 0.288462 0.103365 0.062500
1 0.852163 0.354567 0.093750 0.084135
1 0.908654 0.439904 0.086538 0.072115
1 0.598558 0.405048 0.081731 0.093750
1 0.137019 0.371394 0.096154 0.084135
1 0.179087 0.421875 0.098558 0.084135
1 0.055288 0.538462 0.086538 0.057692
1 0.149038 0.554087 0.100962 0.064904
1 0.326923 0.504808 0.086538 0.067308
1 0.388221 0.588942 0.088942 0.076923
1 0.289663 0.628606 0.079327 0.069712
1 0.484375 0.633413 0.084135 0.064904
1 0.581731 0.716346 0.125000 0.076923
1 0.518029 0.557692 0.093750 0.076923
1 0.209135 0.680288 0.076923 0.057692
1 0.334135 0.703125 0.086538 0.088942
1 0.433894 0.691106 0.098558 0.146635
1 0.590144 0.604567 0.069712 0.084135
1 0.739183 0.576923 0.093750 0.076923
1 0.135817 0.692308 0.103365 0.115385
1 0.736779 0.778846 0.112981 0.100962
1 0.864183 0.649038 0.088942 0.096154
1 0.881010 0.578125 0.088942 0.088942
1 0.633413 0.524038 0.098558 0.062500
1 0.682692 0.489183 0.072115 0.060096
1 0.736779 0.448317 0.055288 0.079327
1 0.775240 0.439904 0.069712 0.086538
1 0.508413 0.304087 0.084135 0.055288
1 0.543269 0.326923 0.096154 0.057692
1 0.591346 0.288462 0.081731 0.038462
1 0.593750 0.245192 0.086538 0.067308
1 0.206731 0.467548 0.115385 0.074519
1 0.448317 0.478365 0.098558 0.081731
1 0.455529 0.396635 0.074519 0.086538
1 0.502404 0.433894 0.072115 0.060096
1 0.515625 0.394231 0.079327 0.048077
1 0.960337 0.246394 0.079327 0.060096
1 0.795673 0.554087 0.062500 0.074519
1 0.743990 0.370192 0.045673 0.052885
1 0.689904 0.341346 0.057692 0.086538
