1 0.796875 0.147837 0.127404 0.194712
1 0.481971 0.088942 0.175481 0.125000
1 0.638221 0.138221 0.117788 0.098558
1 0.423077 0.239183 0.096154 0.132212
1 0.112981 0.451923 0.149038 0.134615
1 0.246394 0.377404 0.122596 0.120192
1 0.475962 0.837740 0.230769 0.122596
1 0.356971 0.507212 0.127404 0.129808
1 0.213942 0.594952 0.144231 0.137019
1 0.181490 0.745192 0.137019 0.115385
1 0.503606 0.513221 0.127404 0.112981
1 0.411058 0.645433 0.149038 0.141827
1 0.514423 0.731971 0.168269 0.175481
1 0.539663 0.653846 0.137019 0.105769
1 0.543269 0.599760 0.110577 0.093750
1 0.281250 0.430288 0.158654 0.182692
1 0.371394 0.413462 0.088942 0.110577
1 0.444712 0.379808 0.120192 0.115385
1 0.532452 0.353365 0.117788 0.139423
1 0.637019 0.324519 0.086538 0.110577
1 0.552885 0.206731 0.096154 0.149038
1 0.649038 0.787260 0.144231 0.156250
1 0.627404 0.699519 0.081731 0.100962
