1 0.503606 0.376202 0.055288 0.084135
1 0.643029 0.586538 0.060096 0.081731
1 0.518029 0.516827 0.060096 0.067308
1 0.500000 0.746394 0.062500 0.055288
1 0.478365 0.662260 0.052885 0.079327
1 0.274038 0.806490 0.052885 0.055288
1 0.175481 0.298077 0.067308 0.125000
1 0.300481 0.105769 0.072115 0.062500
1 0.469952 0.135817 0.064904 0.074519
1 0.205529 0.521635 0.045673 0.052885
1 0.074519 0.643029 0.052885 0.074519
1 0.233173 0.703125 0.052885 0.055288
1 0.905048 0.507212 0.060096 0.043269
1 0.264423 0.432692 0.062500 0.048077
1 0.084135 0.312500 0.057692 0.072115
1 0.581731 0.030048 0.057692 0.036058
1 0.638221 0.316106 0.060096 0.045673
1 0.638221 0.373798 0.079327 0.055288
1 0.823317 0.300481 0.064904 0.048077
1 0.971154 0.432692 0.057692 0.057692
1 0.862981 0.623798 0.086538 0.050481
1 0.722356 0.736779 0.079327 0.050481
1 0.840144 0.974760 0.084135 0.050481
1 0.139423 0.868990 0.100962 0.074519
1 0.347356 0.616587 0.060096 0.060096
1 0.435096 0.581731 0.076923 0.043269
1 0.465144 0.561298 0.060096 0.036058
