1 0.176683 0.210337 0.223558 0.209135
1 0.609375 0.200721 0.185096 0.266827
1 0.899038 0.384615 0.201923 0.125000
1 0.611779 0.506010 0.233173 0.324519
1 0.067308 0.573317 0.129808 0.209135
1 0.152644 0.609375 0.069712 0.161058
1 0.213942 0.631010 0.100962 0.165865
1 0.276442 0.659856 0.096154 0.161058
1 0.391827 0.712740 0.081731 0.146635
1 0.466346 0.712740 0.144231 0.170673
1 0.787260 0.831731 0.127404 0.168269
1 0.905048 0.616587 0.189904 0.281250
1 0.099760 0.600962 0.074519 0.158654
1 0.451923 0.681490 0.062500 0.122596
1 0.332933 0.632212 0.098558 0.105769
1 0.364183 0.661058 0.088942 0.134615
1 0.657452 0.784856 0.098558 0.175481
1 0.594952 0.756010 0.040865 0.079327
1 0.865385 0.795673 0.062500 0.062500
1 0.550481 0.728365 0.076923 0.125000
1 0.510817 0.831731 0.401442 0.336538
