1 0.588942 0.177885 0.091346 0.067308
1 0.495192 0.360577 0.091346 0.120192
1 0.532452 0.480769 0.064904 0.067308
1 0.709135 0.554087 0.086538 0.074519
1 0.829327 0.506010 0.091346 0.079327
1 0.893029 0.474760 0.074519 0.084135
1 0.566106 0.600962 0.064904 0.057692
1 0.299279 0.667067 0.074519 0.064904
1 0.151442 0.621394 0.076923 0.074519
1 0.263221 0.586538 0.088942 0.096154
1 0.400240 0.444712 0.084135 0.072115
1 0.229567 0.451923 0.060096 0.048077
1 0.131010 0.459135 0.060096 0.076923
1 0.060096 0.441106 0.072115 0.079327
1 0.131010 0.294471 0.093750 0.122596
1 0.230769 0.329327 0.091346 0.096154
1 0.064904 0.668269 0.096154 0.072115
1 0.555288 0.334135 0.052885 0.067308
1 0.356971 0.622596 0.112981 0.086538
1 0.492788 0.590144 0.076923 0.060096
1 0.319712 0.512019 0.081731 0.057692
1 0.381010 0.396635 0.093750 0.057692
1 0.115385 0.731971 0.057692 0.060096
1 0.421875 0.620192 0.045673 0.081731
1 0.033654 0.275240 0.062500 0.098558
1 0.359375 0.330529 0.141827 0.084135
