1 0.361779 0.192308 0.213942 0.264423
1 0.093750 0.475962 0.182692 0.182692
1 0.705529 0.117788 0.180288 0.149038
1 0.824519 0.104567 0.115385 0.093750
1 0.890625 0.312500 0.213942 0.254808
1 0.581731 0.447115 0.221154 0.408654
1 0.771635 0.709135 0.225962 0.427885
1 0.943510 0.549279 0.112981 0.170673
1 0.200721 0.868990 0.117788 0.165865
1 0.104567 0.860577 0.103365 0.168269
1 0.312500 0.820913 0.115385 0.161058
1 0.274038 0.854567 0.115385 0.132212
1 0.379808 0.799279 0.096154 0.156250
1 0.451923 0.776442 0.149038 0.163462
1 0.493990 0.743990 0.108173 0.170673
1 0.570913 0.731971 0.098558 0.151442
1 0.614183 0.699519 0.117788 0.173077
1 0.707933 0.668269 0.103365 0.153846
1 0.975962 0.516827 0.048077 0.134615
