1 0.283654 0.203125 0.062500 0.093750
1 0.730769 0.280048 0.057692 0.064904
1 0.911058 0.269231 0.072115 0.086538
1 0.538462 0.156250 0.081731 0.081731
1 0.431490 0.090144 0.050481 0.069712
1 0.570913 0.082933 0.064904 0.079327
1 0.417067 0.207933 0.045673 0.045673
1 0.239183 0.091346 0.060096 0.076923
1 0.766827 0.402644 0.057692 0.084135
1 0.695913 0.709135 0.074519 0.100962
1 0.288462 0.323317 0.076923 0.079327
1 0.146635 0.355769 0.072115 0.115385
1 0.224760 0.443510 0.060096 0.079327
1 0.771635 0.622596 0.110577 0.072115
1 0.552885 0.646635 0.057692 0.081731
1 0.228365 0.526442 0.038462 0.072115
1 0.270433 0.588942 0.045673 0.076923
1 0.155048 0.237981 0.069712 0.086538
1 0.908654 0.531250 0.062500 0.062500
1 0.401442 0.387019 0.086538 0.105769
1 0.379808 0.549279 0.043269 0.055288
1 0.537260 0.575721 0.045673 0.055288
1 0.661058 0.848558 0.043269 0.057692
1 0.616587 0.832933 0.031250 0.050481
1 0.838942 0.888221 0.052885 0.064904
1 0.611779 0.769231 0.040865 0.076923
1 0.600962 0.586538 0.052885 0.091346
1 0.091346 0.599760 0.052885 0.064904
1 0.205529 0.340144 0.045673 0.060096
1 0.657452 0.340144 0.036058 0.079327
1 0.623798 0.383413 0.050481 0.055288
1 0.614183 0.237981 0.036058 0.052885
1 0.473558 0.585337 0.043269 0.045673
1 0.792067 0.509615 0.069712 0.091346
1 0.971154 0.236779 0.057692 0.079327
1 0.768029 0.699519 0.045673 0.076923
1 0.810096 0.691106 0.062500 0.088942
1 0.913462 0.594952 0.048077 0.055288
1 0.965144 0.408654 0.040865 0.072115
1 0.355769 0.254808 0.057692 0.081731
1 0.334135 0.269231 0.038462 0.052885
1 0.370192 0.299279 0.057692 0.060096
1 0.078125 0.231971 0.050481 0.079327
1 0.034856 0.454327 0.064904 0.096154
1 0.129808 0.554087 0.062500 0.084135
1 0.191106 0.603365 0.040865 0.057692
1 0.153846 0.680288 0.052885 0.072115
1 0.211538 0.756010 0.052885 0.079327
1 0.418269 0.617788 0.062500 0.067308
1 0.418269 0.659856 0.062500 0.069712
1 0.465144 0.686298 0.084135 0.074519
1 0.551683 0.737981 0.050481 0.062500
1 0.896635 0.814904 0.043269 0.062500
1 0.819712 0.798077 0.057692 0.076923
1 0.758413 0.807692 0.055288 0.067308
1 0.721154 0.862981 0.096154 0.062500
1 0.622596 0.830529 0.052885 0.050481
1 0.580529 0.831731 0.040865 0.062500
1 0.533654 0.848558 0.038462 0.086538
1 0.314904 0.688702 0.043269 0.074519
1 0.277644 0.431490 0.050481 0.084135
1 0.314904 0.445913 0.052885 0.060096
1 0.379808 0.504808 0.062500 0.072115
1 0.671875 0.459135 0.045673 0.062500
1 0.736779 0.555288 0.074519 0.081731
1 0.850962 0.584135 0.062500 0.081731
1 0.716346 0.347356 0.057692 0.069712
1 0.701923 0.350962 0.062500 0.072115
1 0.390625 0.433894 0.055288 0.064904
1 0.438702 0.455529 0.055288 0.074519
1 0.451923 0.424279 0.062500 0.064904
1 0.385817 0.743990 0.060096 0.074519
1 0.272837 0.800481 0.060096 0.096154
1 0.561298 0.311298 0.108173 0.122596
1 0.938702 0.677885 0.045673 0.086538
1 0.584135 0.501202 0.048077 0.055288
1 0.459135 0.534856 0.052885 0.040865
