1 0.599760 0.338942 0.069712 0.086538
1 0.546875 0.457933 0.055288 0.146635
1 0.497596 0.575721 0.086538 0.084135
1 0.628606 0.568510 0.084135 0.084135
1 0.926683 0.549279 0.117788 0.098558
1 0.240385 0.265625 0.081731 0.084135
1 0.438702 0.362981 0.088942 0.086538
1 0.264423 0.343750 0.100962 0.081731
1 0.163462 0.306490 0.057692 0.146635
1 0.362981 0.508413 0.076923 0.093750
1 0.283654 0.534856 0.076923 0.127404
1 0.257212 0.465144 0.052885 0.103365
1 0.161058 0.683894 0.076923 0.084135
1 0.427885 0.793269 0.057692 0.091346
1 0.756010 0.381010 0.088942 0.103365
1 0.659856 0.433894 0.112981 0.112981
1 0.741587 0.873798 0.069712 0.064904
1 0.655048 0.889423 0.069712 0.072115
1 0.870192 0.756010 0.100962 0.137019
1 0.032452 0.628606 0.060096 0.122596
