1 0.689904 0.331731 0.091346 0.100962
1 0.673077 0.414663 0.067308 0.064904
1 0.586538 0.618990 0.062500 0.079327
1 0.519231 0.539663 0.067308 0.060096
1 0.498798 0.365385 0.084135 0.096154
1 0.479567 0.260817 0.098558 0.098558
1 0.730769 0.665865 0.120192 0.105769
1 0.284856 0.092548 0.108173 0.084135
1 0.359375 0.207933 0.084135 0.074519
1 0.259615 0.235577 0.096154 0.086538
1 0.183894 0.383413 0.093750 0.084135
1 0.295673 0.329327 0.086538 0.067308
1 0.381010 0.288462 0.079327 0.081731
1 0.396635 0.346154 0.086538 0.062500
1 0.103365 0.378606 0.081731 0.064904
1 0.185096 0.246394 0.072115 0.074519
1 0.298077 0.503606 0.072115 0.088942
1 0.195913 0.082933 0.060096 0.117788
1 0.425481 0.566106 0.081731 0.084135
1 0.421875 0.389423 0.084135 0.081731
1 0.292067 0.403846 0.079327 0.057692
1 0.373798 0.427885 0.108173 0.081731
1 0.264423 0.548077 0.076923 0.057692
