1 0.918269 0.191106 0.096154 0.098558
1 0.853365 0.215144 0.096154 0.122596
1 0.751202 0.209135 0.098558 0.153846
1 0.325721 0.139423 0.141827 0.120192
1 0.542067 0.325721 0.117788 0.146635
1 0.429087 0.256010 0.098558 0.127404
1 0.314904 0.200721 0.076923 0.122596
1 0.306490 0.305288 0.098558 0.081731
1 0.218750 0.286058 0.091346 0.129808
1 0.129808 0.336538 0.086538 0.100962
1 0.133413 0.268029 0.103365 0.103365
1 0.128606 0.191106 0.069712 0.074519
1 0.106971 0.123798 0.074519 0.132212
1 0.061298 0.338942 0.084135 0.072115
1 0.082933 0.408654 0.137019 0.057692
1 0.030048 0.483173 0.055288 0.076923
1 0.104567 0.467548 0.093750 0.093750
1 0.042067 0.544471 0.079327 0.093750
1 0.073317 0.611779 0.055288 0.060096
1 0.132212 0.719952 0.062500 0.069712
1 0.171875 0.728365 0.084135 0.067308
1 0.275240 0.805288 0.103365 0.062500
1 0.366587 0.804087 0.045673 0.045673
1 0.183894 0.593750 0.069712 0.067308
1 0.228365 0.631010 0.081731 0.088942
1 0.265625 0.585337 0.088942 0.045673
1 0.268029 0.537260 0.069712 0.093750
1 0.281250 0.450721 0.115385 0.108173
1 0.341346 0.396635 0.134615 0.057692
1 0.424279 0.394231 0.079327 0.076923
1 0.427885 0.448317 0.110577 0.064904
1 0.370192 0.554087 0.086538 0.074519
1 0.329327 0.652644 0.105769 0.079327
1 0.514423 0.467548 0.091346 0.103365
1 0.513221 0.555288 0.079327 0.086538
1 0.558894 0.618990 0.064904 0.064904
1 0.592548 0.586538 0.064904 0.091346
1 0.631010 0.456731 0.079327 0.086538
1 0.633413 0.376202 0.084135 0.112981
1 0.719952 0.340144 0.098558 0.079327
1 0.731971 0.383413 0.040865 0.060096
1 0.764423 0.438702 0.086538 0.141827
1 0.769231 0.518029 0.096154 0.069712
1 0.840144 0.596154 0.060096 0.081731
1 0.921875 0.430288 0.117788 0.096154
1 0.868990 0.514423 0.137019 0.144231
1 0.957933 0.550481 0.084135 0.125000
1 0.641827 0.650240 0.091346 0.055288
1 0.570913 0.697115 0.117788 0.052885
1 0.444712 0.822115 0.120192 0.076923
1 0.532452 0.790865 0.103365 0.091346
1 0.582933 0.865385 0.093750 0.072115
1 0.481971 0.850962 0.064904 0.062500
1 0.581731 0.876202 0.048077 0.055288
1 0.563702 0.808894 0.069712 0.079327
1 0.611779 0.765625 0.079327 0.055288
1 0.668269 0.723558 0.105769 0.086538
1 0.719952 0.655048 0.088942 0.069712
1 0.897837 0.662260 0.079327 0.132212
1 0.914663 0.760817 0.117788 0.146635
1 0.772837 0.814904 0.055288 0.076923
1 0.725962 0.820913 0.067308 0.064904
1 0.670673 0.806490 0.052885 0.060096
1 0.711538 0.855769 0.072115 0.081731
1 0.826923 0.930288 0.096154 0.067308
1 0.766827 0.894231 0.086538 0.062500
1 0.556490 0.486779 0.112981 0.064904
1 0.605769 0.531250 0.105769 0.062500
1 0.371394 0.592548 0.055288 0.074519
1 0.466346 0.592548 0.110577 0.108173
1 0.822115 0.724760 0.081731 0.084135
