1 0.302885 0.306490 0.091346 0.146635
1 0.462740 0.311298 0.045673 0.103365
1 0.088942 0.239183 0.120192 0.098558
1 0.082933 0.368990 0.103365 0.108173
1 0.346154 0.508413 0.067308 0.093750
1 0.479567 0.564904 0.060096 0.086538
1 0.610577 0.569712 0.072115 0.096154
1 0.913462 0.810096 0.081731 0.110577
1 0.731971 0.816106 0.064904 0.108173
1 0.826923 0.396635 0.067308 0.100962
1 0.893029 0.463942 0.050481 0.129808
1 0.611779 0.408654 0.074519 0.110577
1 0.504808 0.419471 0.052885 0.064904
1 0.040865 0.837740 0.067308 0.084135
1 0.432692 0.801683 0.076923 0.093750
1 0.385817 0.373798 0.060096 0.141827
1 0.772837 0.462740 0.084135 0.103365
1 0.673077 0.438702 0.072115 0.098558
1 0.692308 0.631010 0.072115 0.170673
1 0.741587 0.575721 0.040865 0.117788
1 0.463942 0.471154 0.057692 0.096154
1 0.112981 0.737981 0.067308 0.081731
1 0.199519 0.792067 0.057692 0.084135
1 0.056490 0.579327 0.108173 0.134615
1 0.144231 0.628606 0.052885 0.050481
1 0.695913 0.645433 0.060096 0.132212
