1 0.743990 0.299279 0.055288 0.141827
1 0.962740 0.371394 0.074519 0.079327
1 0.468750 0.413462 0.033654 0.139423
1 0.617788 0.506010 0.052885 0.098558
1 0.674279 0.586538 0.031250 0.081731
1 0.924279 0.651442 0.026442 0.081731
1 0.622596 0.802885 0.028846 0.120192
1 0.522837 0.712740 0.031250 0.098558
1 0.455529 0.780048 0.040865 0.098558
1 0.281250 0.572115 0.024038 0.105769
1 0.336538 0.490385 0.043269 0.086538
1 0.296875 0.407452 0.050481 0.117788
1 0.181490 0.407452 0.069712 0.098558
1 0.313702 0.282452 0.069712 0.093750
1 0.500000 0.201923 0.043269 0.129808
1 0.442308 0.146635 0.048077 0.110577
1 0.419471 0.378606 0.045673 0.117788
1 0.747596 0.528846 0.081731 0.076923
1 0.750000 0.664663 0.091346 0.165865
1 0.782452 0.942308 0.026442 0.115385
1 0.716346 0.935096 0.062500 0.100962
1 0.199519 0.884615 0.062500 0.067308
1 0.033654 0.760817 0.043269 0.132212
1 0.120192 0.730769 0.067308 0.110577
1 0.187500 0.116587 0.052885 0.117788
1 0.841346 0.109375 0.086538 0.088942
1 0.878606 0.206731 0.088942 0.129808
1 0.252404 0.228365 0.048077 0.105769
1 0.114183 0.153846 0.079327 0.105769
1 0.788462 0.383413 0.067308 0.093750
1 0.771635 0.560096 0.120192 0.072115
1 0.641827 0.933894 0.062500 0.098558
