1 0.328125 0.206731 0.064904 0.125000
1 0.356971 0.438702 0.069712 0.112981
1 0.610577 0.474760 0.105769 0.108173
1 0.802885 0.276442 0.072115 0.081731
1 0.966346 0.264423 0.057692 0.110577
1 0.706731 0.628606 0.076923 0.132212
1 0.173077 0.531250 0.057692 0.110577
1 0.239183 0.549279 0.045673 0.108173
1 0.292067 0.598558 0.055288 0.105769
1 0.070913 0.771635 0.060096 0.110577
1 0.522837 0.653846 0.060096 0.086538
1 0.689904 0.751202 0.072115 0.117788
1 0.953125 0.596154 0.064904 0.091346
1 0.454327 0.716346 0.062500 0.096154
1 0.514423 0.492788 0.081731 0.129808
1 0.384615 0.549279 0.076923 0.088942
1 0.688702 0.865385 0.093750 0.091346
1 0.531250 0.489183 0.062500 0.112981
1 0.227163 0.665865 0.064904 0.091346
