1 0.060096 0.272837 0.115385 0.218750
1 0.025240 0.497596 0.045673 0.091346
1 0.050481 0.582933 0.096154 0.156250
1 0.138221 0.483173 0.161058 0.139423
1 0.133413 0.578125 0.074519 0.108173
1 0.111779 0.764423 0.093750 0.120192
1 0.497596 0.789663 0.086538 0.132212
1 0.264423 0.621394 0.115385 0.103365
1 0.435096 0.709135 0.115385 0.105769
1 0.379808 0.612981 0.091346 0.100962
1 0.347356 0.526442 0.060096 0.081731
1 0.743990 0.670673 0.151442 0.245192
1 0.695913 0.792067 0.132212 0.112981
1 0.929087 0.758413 0.122596 0.137019
1 0.954327 0.628606 0.062500 0.108173
1 0.788462 0.605769 0.072115 0.091346
1 0.679087 0.610577 0.045673 0.100962
1 0.508413 0.621394 0.185096 0.180288
1 0.462740 0.500000 0.122596 0.129808
1 0.566106 0.495192 0.228365 0.370192
1 0.177885 0.343750 0.139423 0.139423
1 0.435096 0.356971 0.105769 0.146635
1 0.727163 0.429087 0.146635 0.098558
1 0.794471 0.426683 0.055288 0.098558
1 0.967548 0.403846 0.064904 0.072115
1 0.967548 0.336538 0.036058 0.067308
1 0.787260 0.308894 0.093750 0.084135
1 0.662260 0.286058 0.064904 0.052885
1 0.605769 0.283654 0.052885 0.076923
1 0.567308 0.227163 0.052885 0.064904
1 0.544471 0.253606 0.026442 0.060096
1 0.519231 0.233173 0.043269 0.067308
1 0.459135 0.207933 0.043269 0.064904
1 0.409856 0.191106 0.050481 0.064904
1 0.371394 0.165865 0.069712 0.076923
1 0.326923 0.143029 0.038462 0.084135
1 0.247596 0.125000 0.052885 0.076923
1 0.270433 0.118990 0.055288 0.093750
1 0.187500 0.128606 0.052885 0.064904
1 0.168269 0.251202 0.129808 0.180288
1 0.269231 0.265625 0.081731 0.194712
1 0.020433 0.100962 0.036058 0.067308
1 0.072115 0.096154 0.048077 0.086538
1 0.108173 0.106971 0.067308 0.079327
1 0.926683 0.336538 0.060096 0.062500
1 0.125000 0.040865 0.052885 0.067308
1 0.167067 0.050481 0.050481 0.067308
1 0.314904 0.066106 0.038462 0.074519
1 0.250000 0.043269 0.033654 0.062500
1 0.593750 0.036058 0.033654 0.057692
1 0.544471 0.038462 0.050481 0.057692
1 0.481971 0.044471 0.031250 0.069712
1 0.361779 0.054087 0.031250 0.060096
1 0.435096 0.043269 0.043269 0.072115
1 0.798077 0.294471 0.048077 0.084135
