1 0.246394 0.236779 0.069712 0.050481
1 0.550481 0.182692 0.153846 0.076923
1 0.831731 0.151442 0.100962 0.048077
1 0.817308 0.689904 0.115385 0.052885
1 0.590144 0.659856 0.064904 0.040865
1 0.657452 0.740385 0.084135 0.043269
1 0.673077 0.878606 0.072115 0.026442
1 0.650240 0.944712 0.060096 0.028846
1 0.364183 0.887019 0.060096 0.043269
1 0.455529 0.576923 0.132212 0.033654
1 0.085337 0.342548 0.112981 0.050481
1 0.335337 0.292067 0.055288 0.045673
1 0.396635 0.645433 0.062500 0.031250
1 0.465144 0.824519 0.074519 0.057692
1 0.031250 0.192308 0.057692 0.072115
