1 0.206731 0.091346 0.115385 0.173077
1 0.497596 0.179087 0.076923 0.146635
1 0.342548 0.272837 0.050481 0.122596
1 0.296875 0.287260 0.060096 0.122596
1 0.197115 0.247596 0.048077 0.081731
1 0.368990 0.469952 0.036058 0.074519
1 0.310096 0.519231 0.096154 0.144231
1 0.390625 0.626202 0.064904 0.093750
1 0.390625 0.760817 0.050481 0.093750
1 0.408654 0.750000 0.043269 0.072115
1 0.429087 0.759615 0.036058 0.096154
1 0.442308 0.747596 0.038462 0.091346
1 0.467548 0.752404 0.045673 0.105769
1 0.502404 0.750000 0.048077 0.100962
1 0.301683 0.590144 0.069712 0.103365
1 0.260817 0.591346 0.055288 0.072115
1 0.286058 0.646635 0.057692 0.105769
1 0.527644 0.353365 0.064904 0.144231
1 0.606971 0.323317 0.122596 0.156250
1 0.725962 0.323317 0.134615 0.127404
1 0.597356 0.437500 0.132212 0.139423
1 0.556490 0.543269 0.045673 0.076923
1 0.478365 0.472356 0.038462 0.079327
1 0.442308 0.513221 0.062500 0.055288
1 0.394231 0.536058 0.057692 0.086538
1 0.431490 0.579327 0.060096 0.081731
1 0.478365 0.616587 0.115385 0.069712
1 0.519231 0.644231 0.072115 0.125000
1 0.584135 0.725962 0.043269 0.105769
1 0.622596 0.721154 0.057692 0.134615
1 0.651442 0.699519 0.052885 0.105769
1 0.692308 0.693510 0.057692 0.103365
1 0.711538 0.670673 0.052885 0.110577
1 0.730769 0.661058 0.043269 0.120192
1 0.762019 0.646635 0.057692 0.134615
1 0.799279 0.776442 0.040865 0.100962
1 0.587740 0.908654 0.069712 0.173077
1 0.853365 0.599760 0.062500 0.132212
1 0.930288 0.562500 0.057692 0.125000
1 0.974760 0.543269 0.050481 0.115385
1 0.026442 0.638221 0.043269 0.112981
1 0.054087 0.631010 0.064904 0.112981
1 0.087740 0.633413 0.050481 0.103365
1 0.116587 0.640625 0.040865 0.117788
1 0.144231 0.633413 0.048077 0.117788
1 0.235577 0.644231 0.057692 0.125000
1 0.195913 0.647837 0.026442 0.108173
1 0.176683 0.640625 0.021635 0.098558
1 0.245192 0.308894 0.038462 0.079327
1 0.218750 0.353365 0.038462 0.076923
1 0.250000 0.375000 0.028846 0.086538
