1 0.462740 0.679087 0.064904 0.079327
1 0.116587 0.713942 0.112981 0.100962
1 0.346154 0.634615 0.033654 0.057692
1 0.663462 0.405048 0.048077 0.060096
1 0.771635 0.518029 0.033654 0.026442
1 0.704327 0.537260 0.038462 0.040865
1 0.628606 0.538462 0.021635 0.028846
1 0.594952 0.552885 0.036058 0.043269
1 0.496394 0.587740 0.031250 0.050481
1 0.472356 0.584135 0.021635 0.048077
1 0.435096 0.599760 0.043269 0.055288
1 0.362981 0.555288 0.024038 0.048077
1 0.377404 0.515625 0.014423 0.031250
1 0.391827 0.549279 0.024038 0.045673
1 0.445913 0.534856 0.012019 0.031250
1 0.501202 0.546875 0.026442 0.031250
1 0.510817 0.516827 0.021635 0.033654
