0 0.086538 0.408654 0.168269 0.211538
0 0.893029 0.257212 0.199519 0.221154
0 0.375000 0.308894 0.110577 0.218750
0 0.445913 0.320913 0.079327 0.137019
0 0.375000 0.465144 0.250000 0.151442
0 0.457933 0.563702 0.170673 0.093750
0 0.513221 0.612981 0.266827 0.182692
0 0.484375 0.681490 0.127404 0.185096
0 0.606971 0.436298 0.112981 0.108173
0 0.700721 0.522837 0.117788 0.266827
0 0.887019 0.540865 0.163462 0.096154
0 0.766827 0.417067 0.211538 0.185096
0 0.721154 0.320913 0.163462 0.137019
0 0.600962 0.352163 0.105769 0.079327
0 0.599760 0.288462 0.098558 0.072115
0 0.544471 0.512019 0.137019 0.076923
