1 0.129808 0.593750 0.134615 0.149038
1 0.245192 0.645433 0.139423 0.146635
1 0.349760 0.614183 0.127404 0.151442
1 0.295673 0.521635 0.134615 0.091346
1 0.368990 0.381010 0.137019 0.156250
1 0.477163 0.631010 0.112981 0.185096
1 0.778846 0.412260 0.153846 0.098558
1 0.816106 0.478365 0.122596 0.062500
1 0.887019 0.510817 0.134615 0.093750
1 0.584135 0.418269 0.134615 0.067308
1 0.587740 0.459135 0.137019 0.043269
1 0.574519 0.530048 0.081731 0.093750
1 0.572115 0.598558 0.091346 0.076923
1 0.653846 0.610577 0.115385 0.120192
