0 0.087805 0.408894 0.172358 0.210412
0 0.398374 0.439262 0.302439 0.145336
0 0.376423 0.323210 0.115447 0.216920
0 0.431707 0.317787 0.138211 0.127983
0 0.698374 0.531453 0.157724 0.247289
0 0.902439 0.552061 0.195122 0.101952
0 0.773171 0.413232 0.206504 0.171367
0 0.479675 0.681128 0.156098 0.182213
0 0.517073 0.623644 0.253659 0.171367
0 0.469919 0.572668 0.204878 0.117137
0 0.609756 0.361171 0.139837 0.067245
0 0.607317 0.437093 0.141463 0.097614
0 0.885366 0.258134 0.229268 0.238612
0 0.714634 0.326464 0.151220 0.145336
0 0.613821 0.299349 0.121951 0.095445
