1 0.113793 0.326667 0.224138 0.213333
1 0.065517 0.715000 0.127586 0.210000
1 0.162931 0.715000 0.105172 0.176667
1 0.217241 0.711667 0.079310 0.163333
1 0.294828 0.723333 0.089655 0.160000
1 0.277586 0.706667 0.086207 0.160000
1 0.351724 0.726667 0.100000 0.140000
1 0.378448 0.701667 0.067241 0.176667
1 0.406034 0.705000 0.084483 0.163333
1 0.648276 0.805000 0.293103 0.390000
1 0.906897 0.501667 0.186207 0.316667
1 0.841379 0.216667 0.203448 0.160000
1 0.488793 0.176667 0.205172 0.346667
1 0.595690 0.471667 0.105172 0.556667
1 0.648276 0.475000 0.158621 0.403333
1 0.893103 0.723333 0.134483 0.220000
1 0.900000 0.718333 0.120690 0.170000
1 0.475862 0.735000 0.068966 0.156667
