1 0.427344 0.194534 0.092188 0.305466
1 0.557813 0.180064 0.081250 0.315113
1 0.803125 0.194534 0.075000 0.311897
1 0.962500 0.191318 0.071875 0.311897
1 0.051562 0.162379 0.100000 0.318328
1 0.175000 0.181672 0.103125 0.305466
1 0.100000 0.697749 0.065625 0.327974
1 0.216406 0.683280 0.067187 0.279743
1 0.214062 0.852090 0.065625 0.276527
1 0.342187 0.672026 0.071875 0.302251
1 0.321875 0.869775 0.103125 0.260450
1 0.445312 0.692926 0.078125 0.324759
1 0.501563 0.837621 0.075000 0.324759
1 0.630469 0.684887 0.057813 0.308682
1 0.651563 0.860129 0.081250 0.279743
1 0.737500 0.684887 0.075000 0.276527
1 0.789844 0.855305 0.054688 0.289389
1 0.849219 0.691318 0.070312 0.315113
1 0.947656 0.657556 0.067187 0.292605
