1 0.715548 0.227528 0.123675 0.117978
1 0.530035 0.171348 0.091873 0.106742
1 0.337456 0.233146 0.102473 0.129213
1 0.033569 0.235955 0.060071 0.168539
1 0.040636 0.351124 0.074205 0.117978
1 0.159011 0.252809 0.106007 0.089888
1 0.114841 0.342697 0.095406 0.134831
1 0.178445 0.339888 0.081272 0.117978
1 0.270318 0.314607 0.081272 0.078652
1 0.261484 0.404494 0.098940 0.101124
1 0.570671 0.342697 0.088339 0.078652
1 0.770318 0.339888 0.091873 0.095506
1 0.796820 0.410112 0.067138 0.101124
1 0.754417 0.452247 0.102473 0.084270
1 0.816254 0.508427 0.106007 0.106742
1 0.480565 0.339888 0.098940 0.106742
1 0.390459 0.351124 0.116608 0.084270
1 0.386926 0.429775 0.095406 0.129213
