1 0.127000 0.445652 0.094000 0.121118
1 0.160000 0.476708 0.116000 0.158385
1 0.207000 0.527950 0.086000 0.105590
1 0.317000 0.549689 0.102000 0.111801
1 0.394000 0.618012 0.092000 0.130435
1 0.308000 0.669255 0.072000 0.102484
1 0.224000 0.720497 0.088000 0.105590
1 0.154000 0.708075 0.096000 0.074534
1 0.160000 0.599379 0.080000 0.099379
1 0.057000 0.613354 0.110000 0.127329
1 0.367000 0.731366 0.110000 0.108696
1 0.466000 0.698758 0.100000 0.167702
1 0.499000 0.622671 0.078000 0.108696
1 0.519000 0.551242 0.078000 0.127329
1 0.451000 0.486025 0.074000 0.121118
1 0.447000 0.414596 0.058000 0.096273
1 0.487000 0.437888 0.110000 0.142857
1 0.489000 0.437888 0.074000 0.093168
1 0.587000 0.399068 0.074000 0.114907
1 0.495000 0.313665 0.066000 0.080745
1 0.515000 0.326087 0.098000 0.080745
1 0.562000 0.254658 0.084000 0.099379
1 0.547000 0.290373 0.082000 0.077640
1 0.659000 0.236025 0.078000 0.105590
1 0.589000 0.574534 0.102000 0.099379
1 0.603000 0.711180 0.102000 0.093168
1 0.597000 0.663043 0.074000 0.108696
1 0.632000 0.628882 0.068000 0.096273
1 0.775000 0.729814 0.114000 0.142857
1 0.645000 0.513975 0.098000 0.077640
1 0.671000 0.458075 0.098000 0.046584
1 0.712000 0.423913 0.080000 0.096273
1 0.771000 0.403727 0.062000 0.105590
1 0.674000 0.344720 0.084000 0.099379
1 0.715000 0.336957 0.070000 0.083851
1 0.813000 0.239130 0.102000 0.062112
1 0.831000 0.304348 0.106000 0.118012
1 0.902000 0.378882 0.108000 0.111801
1 0.838000 0.107143 0.096000 0.139752
1 0.956000 0.131988 0.088000 0.090062
1 0.937000 0.187888 0.086000 0.090062
1 0.886000 0.600932 0.096000 0.102484
1 0.872000 0.513975 0.100000 0.114907
1 0.800000 0.513975 0.068000 0.121118
1 0.739000 0.531056 0.098000 0.124224
