1 0.478824 0.068966 0.082353 0.118227
1 0.364706 0.081281 0.131765 0.142857
1 0.800000 0.231527 0.094118 0.197044
1 0.694118 0.672414 0.080000 0.113300
1 0.137647 0.337438 0.110588 0.152709
1 0.167059 0.219212 0.117647 0.162562
1 0.048235 0.633005 0.091765 0.201970
1 0.043529 0.773399 0.054118 0.128079
1 0.094118 0.770936 0.103529 0.142857
1 0.105882 0.753695 0.070588 0.108374
1 0.238824 0.830049 0.087059 0.133005
1 0.161176 0.689655 0.063529 0.068966
1 0.137647 0.554187 0.049412 0.073892
1 0.116471 0.615764 0.049412 0.098522
1 0.196471 0.551724 0.063529 0.108374
1 0.240000 0.655172 0.098824 0.128079
1 0.300000 0.694581 0.044706 0.088670
1 0.364706 0.714286 0.065882 0.078818
1 0.370588 0.672414 0.049412 0.103448
1 0.374118 0.591133 0.056471 0.059113
1 0.436471 0.667488 0.049412 0.103448
1 0.492941 0.677340 0.058824 0.093596
1 0.540000 0.650246 0.068235 0.108374
1 0.596471 0.682266 0.054118 0.093596
1 0.640000 0.647783 0.042353 0.103448
1 0.811765 0.647783 0.042353 0.073892
1 0.736471 0.605911 0.089412 0.108374
1 0.358824 0.327586 0.124706 0.211823
1 0.458824 0.317734 0.089412 0.192118
1 0.547059 0.334975 0.087059 0.197044
1 0.802353 0.536946 0.075294 0.108374
1 0.749412 0.512315 0.044706 0.108374
1 0.698824 0.440887 0.051765 0.073892
1 0.485882 0.549261 0.058824 0.064039
1 0.450588 0.588670 0.058824 0.064039
1 0.337647 0.517241 0.035294 0.068966
1 0.304706 0.529557 0.063529 0.044335
1 0.280000 0.482759 0.042353 0.059113
1 0.328235 0.435961 0.054118 0.083744
1 0.127059 0.438424 0.051765 0.088670
1 0.080000 0.458128 0.084706 0.167488
1 0.716471 0.325123 0.058824 0.108374
1 0.960000 0.445813 0.080000 0.192118
1 0.929412 0.371921 0.056471 0.103448
1 0.880000 0.428571 0.051765 0.108374
1 0.814118 0.423645 0.037647 0.049261
1 0.594118 0.522167 0.096471 0.137931
1 0.415294 0.497537 0.063529 0.098522
