1 0.600000 0.124561 0.168889 0.157895
1 0.834444 0.085965 0.153333 0.108772
1 0.758889 0.382456 0.131111 0.140351
1 0.913333 0.635088 0.133333 0.154386
1 0.794444 0.663158 0.117778 0.147368
1 0.677778 0.485965 0.128889 0.157895
1 0.768889 0.514035 0.120000 0.157895
1 0.575556 0.514035 0.124444 0.129825
1 0.577778 0.645614 0.128889 0.175439
1 0.474444 0.503509 0.100000 0.178947
1 0.120000 0.515789 0.120000 0.126316
1 0.135556 0.433333 0.155556 0.228070
1 0.248889 0.259649 0.128889 0.175439
1 0.370000 0.261404 0.100000 0.108772
1 0.398889 0.322807 0.113333 0.126316
1 0.517778 0.273684 0.133333 0.133333
1 0.613333 0.284211 0.115556 0.112281
