1 0.452500 0.668605 0.085000 0.058140
1 0.116250 0.713178 0.112500 0.100775
1 0.706250 0.540698 0.052500 0.058140
1 0.351250 0.635659 0.042500 0.062016
1 0.433750 0.593023 0.062500 0.085271
1 0.473750 0.583333 0.032500 0.073643
1 0.501250 0.589147 0.022500 0.069767
1 0.593750 0.546512 0.047500 0.046512
1 0.633750 0.538760 0.022500 0.046512
1 0.773750 0.513566 0.037500 0.042636
1 0.510000 0.523256 0.025000 0.046512
1 0.497500 0.505814 0.025000 0.034884
1 0.445000 0.529070 0.050000 0.065891
1 0.398750 0.523256 0.037500 0.038760
1 0.393750 0.556202 0.027500 0.042636
1 0.365000 0.552326 0.045000 0.058140
1 0.373750 0.513566 0.037500 0.042636
1 0.663750 0.405039 0.047500 0.058140
