1 0.244922 0.290000 0.088281 0.135294
1 0.703516 0.187647 0.107031 0.097647
1 0.854297 0.117059 0.091406 0.114118
1 0.751172 0.547059 0.082031 0.152941
1 0.765625 0.663529 0.090625 0.103529
1 0.796875 0.781765 0.100000 0.125882
1 0.718359 0.812941 0.058594 0.117647
1 0.574609 0.632941 0.074219 0.120000
1 0.595313 0.421765 0.092188 0.123529
1 0.512891 0.508235 0.088281 0.143529
1 0.524219 0.480588 0.078125 0.111765
1 0.347266 0.470588 0.052344 0.155294
1 0.403906 0.581176 0.062500 0.112941
1 0.471875 0.756471 0.103125 0.122353
1 0.538281 0.705882 0.114062 0.134118
1 0.327344 0.653529 0.076563 0.116471
1 0.273438 0.625294 0.076563 0.083529
1 0.204297 0.633529 0.074219 0.121176
1 0.192969 0.909412 0.085938 0.124706
1 0.295703 0.738824 0.088281 0.145882
1 0.392188 0.762353 0.079687 0.148235
1 0.050391 0.916471 0.099219 0.138824
