1 0.895370 0.271175 0.127778 0.206284
1 0.815741 0.411202 0.092593 0.109290
1 0.666204 0.476776 0.117593 0.106557
1 0.675000 0.642077 0.125926 0.183060
1 0.623611 0.271175 0.095370 0.151639
1 0.656944 0.354508 0.069444 0.064208
1 0.563426 0.321721 0.102778 0.121585
1 0.531019 0.459016 0.086111 0.095628
1 0.456944 0.346995 0.078704 0.068306
1 0.398148 0.282787 0.079630 0.065574
1 0.474074 0.595628 0.107407 0.125683
1 0.450000 0.461749 0.035185 0.054645
1 0.299074 0.719262 0.085185 0.124317
1 0.351389 0.394809 0.062037 0.084699
1 0.352778 0.450137 0.048148 0.050546
1 0.342130 0.620219 0.052778 0.071038
1 0.353704 0.579235 0.053704 0.046448
1 0.379630 0.573770 0.033333 0.057377
1 0.366204 0.543033 0.050926 0.045082
1 0.382870 0.510929 0.017593 0.054645
1 0.403704 0.523224 0.042593 0.060109
1 0.282407 0.377049 0.037037 0.076503
1 0.268519 0.371585 0.038889 0.057377
1 0.193519 0.331284 0.033333 0.050546
1 0.172222 0.321038 0.033333 0.062842
