1 0.501832 0.186486 0.212454 0.362162
1 0.655678 0.362162 0.351648 0.389189
1 0.628205 0.727027 0.179487 0.264865
1 0.712454 0.756757 0.194139 0.237838
1 0.815018 0.694595 0.164835 0.254054
1 0.906593 0.724324 0.150183 0.237838
1 0.062271 0.697297 0.117216 0.172973
1 0.181319 0.654054 0.150183 0.216216
1 0.260073 0.651351 0.124542 0.178378
1 0.300366 0.654054 0.131868 0.172973
1 0.402930 0.659459 0.139194 0.172973
1 0.465201 0.805405 0.168498 0.205405
1 0.097070 0.818919 0.186813 0.210811
1 0.265568 0.808108 0.157509 0.189189
