1 0.800000 0.082707 0.084000 0.157895
1 0.496000 0.187970 0.068000 0.090226
1 0.651000 0.276316 0.050000 0.116541
1 0.694000 0.298872 0.064000 0.093985
1 0.801000 0.242481 0.054000 0.093985
1 0.751000 0.296992 0.034000 0.082707
1 0.782000 0.347744 0.040000 0.071429
1 0.475000 0.362782 0.086000 0.116541
1 0.387000 0.308271 0.122000 0.187970
1 0.277000 0.312030 0.126000 0.135338
1 0.152000 0.610902 0.056000 0.116541
1 0.067000 0.569549 0.074000 0.116541
1 0.024000 0.533835 0.044000 0.127820
1 0.208000 0.781955 0.068000 0.120301
1 0.406000 0.913534 0.136000 0.172932
1 0.238000 0.656015 0.064000 0.116541
1 0.267000 0.661654 0.054000 0.105263
1 0.277000 0.686090 0.050000 0.109023
1 0.308000 0.693609 0.064000 0.101504
1 0.349000 0.708647 0.042000 0.109023
1 0.375000 0.708647 0.046000 0.124060
1 0.417000 0.727444 0.030000 0.116541
1 0.405000 0.439850 0.138000 0.142857
1 0.633000 0.458647 0.042000 0.105263
1 0.519000 0.486842 0.038000 0.093985
1 0.552000 0.516917 0.052000 0.078947
1 0.599000 0.531955 0.050000 0.056391
1 0.689000 0.503759 0.070000 0.120301
1 0.763000 0.640977 0.058000 0.139098
1 0.791000 0.646617 0.046000 0.120301
1 0.814000 0.644737 0.048000 0.101504
1 0.837000 0.650376 0.034000 0.112782
1 0.851000 0.654135 0.046000 0.090226
1 0.877000 0.644737 0.038000 0.093985
1 0.905000 0.642857 0.046000 0.090226
1 0.949000 0.637218 0.038000 0.086466
1 0.975000 0.637218 0.038000 0.093985
1 0.606000 0.761278 0.036000 0.086466
1 0.591000 0.759398 0.042000 0.097744
1 0.573000 0.757519 0.042000 0.109023
1 0.559000 0.746241 0.042000 0.086466
1 0.531000 0.753759 0.042000 0.124060
1 0.504000 0.746241 0.048000 0.116541
1 0.474000 0.652256 0.064000 0.124060
1 0.517000 0.622180 0.090000 0.086466
1 0.445000 0.541353 0.062000 0.097744
1 0.493000 0.541353 0.054000 0.075188
1 0.733000 0.633459 0.066000 0.139098
1 0.698000 0.593985 0.052000 0.097744
1 0.669000 0.575188 0.054000 0.090226
1 0.606000 0.618421 0.076000 0.093985
