1 0.283750 0.531008 0.052500 0.069767
1 0.360000 0.536822 0.040000 0.042636
1 0.402500 0.546512 0.045000 0.046512
1 0.442500 0.560078 0.025000 0.027132
1 0.532500 0.660853 0.090000 0.089147
1 0.652500 0.625969 0.050000 0.081395
1 0.886250 0.701550 0.092500 0.108527
1 0.637500 0.550388 0.030000 0.046512
1 0.566250 0.593023 0.037500 0.069767
1 0.500000 0.579457 0.030000 0.058140
1 0.521250 0.575581 0.032500 0.065891
1 0.547500 0.534884 0.030000 0.038760
1 0.602500 0.544574 0.035000 0.050388
1 0.333750 0.403101 0.037500 0.069767
