1 0.174603 0.387500 0.088889 0.137500
1 0.266667 0.350000 0.076190 0.087500
1 0.301587 0.412500 0.076190 0.112500
1 0.419048 0.187500 0.063492 0.112500
1 0.579365 0.150000 0.168254 0.275000
1 0.946032 0.140625 0.069841 0.206250
1 0.857143 0.453125 0.031746 0.068750
1 0.830159 0.468750 0.034921 0.075000
1 0.771429 0.503125 0.050794 0.081250
1 0.677778 0.459375 0.053968 0.068750
1 0.703175 0.500000 0.047619 0.075000
1 0.661905 0.500000 0.047619 0.075000
1 0.617460 0.493750 0.053968 0.075000
1 0.566667 0.475000 0.041270 0.062500
1 0.536508 0.468750 0.038095 0.075000
1 0.490476 0.478125 0.053968 0.093750
1 0.473016 0.493750 0.038095 0.050000
1 0.315873 0.756250 0.066667 0.137500
1 0.368254 0.756250 0.069841 0.112500
1 0.460317 0.825000 0.114286 0.125000
1 0.466667 0.731250 0.069841 0.125000
1 0.492063 0.665625 0.076190 0.118750
1 0.544444 0.709375 0.041270 0.118750
1 0.606349 0.746875 0.088889 0.156250
1 0.658730 0.790625 0.098413 0.143750
1 0.730159 0.856250 0.114286 0.137500
1 0.815873 0.809375 0.114286 0.156250
1 0.893651 0.800000 0.085714 0.125000
1 0.874603 0.734375 0.085714 0.118750
1 0.928571 0.662500 0.073016 0.112500
1 0.961905 0.721875 0.076190 0.156250
1 0.893651 0.537500 0.034921 0.087500
1 0.953968 0.521875 0.047619 0.081250
1 0.925397 0.584375 0.047619 0.068750
1 0.949206 0.587500 0.038095 0.075000
1 0.765079 0.593750 0.126984 0.137500
1 0.707937 0.584375 0.069841 0.068750
1 0.796825 0.678125 0.082540 0.118750
1 0.641270 0.615625 0.069841 0.118750
1 0.239683 0.787500 0.098413 0.137500
1 0.060317 0.762500 0.107937 0.150000
1 0.071429 0.725000 0.060317 0.112500
1 0.176190 0.693750 0.073016 0.112500
1 0.131746 0.765625 0.117460 0.143750
1 0.347619 0.671875 0.098413 0.093750
