1 0.614183 0.105769 0.165865 0.100962
1 0.870192 0.229567 0.206731 0.199519
1 0.786058 0.170673 0.115385 0.081731
1 0.724760 0.198317 0.175481 0.112981
1 0.626202 0.237981 0.151442 0.129808
1 0.486779 0.219952 0.146635 0.132212
1 0.527644 0.250000 0.146635 0.105769
1 0.118990 0.349760 0.228365 0.117788
1 0.288462 0.314904 0.149038 0.096154
1 0.311298 0.370192 0.175481 0.120192
1 0.413462 0.381010 0.081731 0.093750
1 0.485577 0.362981 0.091346 0.096154
1 0.161058 0.490385 0.211538 0.125000
1 0.222356 0.508413 0.132212 0.112981
1 0.346154 0.481971 0.153846 0.112981
1 0.371394 0.816106 0.247596 0.132212
1 0.558894 0.360577 0.112981 0.120192
1 0.681490 0.361779 0.103365 0.098558
1 0.465144 0.503606 0.189904 0.079327
1 0.467548 0.572115 0.223558 0.057692
1 0.463942 0.609375 0.240385 0.060096
1 0.450721 0.662260 0.213942 0.045673
1 0.550481 0.819712 0.177885 0.153846
1 0.460337 0.722356 0.204327 0.084135
