1 0.582051 0.248214 0.107692 0.110714
1 0.597436 0.330357 0.071795 0.075000
1 0.788462 0.516071 0.089744 0.117857
1 0.756410 0.530357 0.087179 0.067857
1 0.629487 0.562500 0.089744 0.067857
1 0.533333 0.521429 0.071795 0.078571
1 0.434615 0.387500 0.110256 0.103571
1 0.369231 0.305357 0.102564 0.117857
1 0.300000 0.376786 0.097436 0.089286
1 0.226923 0.312500 0.100000 0.060714
1 0.108974 0.235714 0.105128 0.135714
1 0.042308 0.267857 0.079487 0.142857
1 0.102564 0.426786 0.097436 0.096429
1 0.174359 0.383929 0.097436 0.096429
1 0.235897 0.448214 0.092308 0.067857
1 0.474359 0.592857 0.071795 0.092857
1 0.403846 0.587500 0.079487 0.096429
1 0.435897 0.607143 0.092308 0.085714
1 0.329487 0.610714 0.105128 0.121429
1 0.296154 0.505357 0.110256 0.096429
1 0.373077 0.483929 0.094872 0.096429
1 0.178205 0.553571 0.110256 0.078571
1 0.094872 0.564286 0.082051 0.107143
1 0.166667 0.671429 0.071795 0.050000
1 0.035897 0.619643 0.066667 0.075000
