1 0.239183 0.283654 0.074519 0.125000
1 0.713942 0.189904 0.096154 0.091346
1 0.854567 0.115385 0.088942 0.115385
1 0.716346 0.534856 0.081731 0.117788
1 0.776442 0.662260 0.110577 0.108173
1 0.806490 0.768029 0.112981 0.079327
1 0.718750 0.813702 0.057692 0.117788
1 0.574519 0.632212 0.072115 0.120192
1 0.594952 0.421875 0.093750 0.122596
1 0.512019 0.510817 0.091346 0.137019
1 0.349760 0.487981 0.045673 0.120192
1 0.403846 0.580529 0.062500 0.112981
1 0.341346 0.653846 0.086538 0.100962
1 0.269231 0.627404 0.072115 0.096154
1 0.204327 0.633413 0.072115 0.122596
1 0.192308 0.908654 0.086538 0.125000
1 0.299279 0.757212 0.079327 0.110577
1 0.388221 0.763221 0.069712 0.117788
1 0.039663 0.923077 0.074519 0.125000
1 0.531250 0.713942 0.081731 0.091346
1 0.459135 0.759615 0.100962 0.052885
1 0.959135 0.435096 0.076923 0.091346
1 0.531250 0.477163 0.086538 0.108173
