1 0.715144 0.227163 0.122596 0.117788
1 0.530048 0.170673 0.093750 0.105769
1 0.337740 0.233173 0.103365 0.129808
1 0.032452 0.235577 0.060096 0.168269
1 0.039663 0.352163 0.074519 0.117788
1 0.158654 0.252404 0.105769 0.091346
1 0.115385 0.343750 0.096154 0.134615
1 0.177885 0.340144 0.081731 0.117788
1 0.270433 0.314904 0.079327 0.076923
1 0.260817 0.403846 0.098558 0.100962
1 0.570913 0.342548 0.088942 0.079327
1 0.770433 0.340144 0.093750 0.093750
1 0.796875 0.411058 0.064904 0.100962
1 0.754808 0.453125 0.100962 0.084135
1 0.817308 0.508413 0.105769 0.108173
1 0.479567 0.340144 0.098558 0.108173
1 0.390625 0.352163 0.117788 0.084135
1 0.377404 0.430288 0.096154 0.129808
