0 0.103252 0.353579 0.203252 0.212581
0 0.397561 0.425163 0.297561 0.216920
0 0.384553 0.293926 0.125203 0.232104
0 0.469106 0.670282 0.141463 0.203905
0 0.508130 0.629067 0.300813 0.121475
0 0.462602 0.544469 0.190244 0.082430
0 0.711382 0.543384 0.134959 0.253796
0 0.876423 0.593275 0.136585 0.123644
0 0.898374 0.303688 0.203252 0.260304
0 0.771545 0.445770 0.242276 0.188720
0 0.747154 0.349241 0.183740 0.160521
0 0.619512 0.309111 0.136585 0.093275
0 0.609756 0.370933 0.146341 0.060738
0 0.608130 0.442516 0.133333 0.073753
